1    5
2    4
3    4
4    1
5    3
6    3
7    4
8    4
9    3
10    3
11    4
12    1
13    1
14    4
15    4
16    5
17    3
18    2
19    3
20    5
21    1
22    2
23    3
24    2
25    3
26    5
27    2
28    2
29    1
30    5
31    5
32    2
33    1
34    2
35    2
36    1
37    5
38    4
39    5
40    5
41    2
42    4
43    2
44    1
45    2
46    4
47    2
48    3
49    4
50    5
51    5
52    2
53    1
54    4
55    2
56    1
57    4
58    1
59    3
60    2
61    4
62    2
63    2
64    2
65    2
66    5
67    1
68    3
69    5
70    4
71    3
72    3
73    5
74    1
75    4
76    5
77    4
78    4
79    4
80    5
81    5
82    3
83    4
84    3
85    4
86    5
87    4
88    1
89    2
90    2
91    2
92    5
93    1
94    3
95    3
96    3
97    3
98    1
99    5
100    5
101    2
102    4
103    5
104    5
105    3
106    3
107    4
108    5
109    3
110    4
111    5
112    5
113    5
114    3
115    2
116    1
117    2
118    1
119    1
120    2
121    3
122    1
123    3
124    1
125    5
126    4
127    2
128    4
129    2
130    2
131    1
132    3
133    2
134    1
135    1
136    3
137    5
138    1
139    5
140    1
141    2
142    1
143    1
144    2
145    5
146    1
147    3
148    4
149    1
150    3
151    3
152    1
153    1
154    5
155    4
156    3
157    1
158    1
159    5
160    1
161    4
162    5
163    3
164    1
165    4
166    3
167    1
168    1
169    4
170    2
171    3
172    2
173    3
174    5
175    4
176    1
177    1
178    1
179    2
180    4
181    2
182    3
183    1
184    3
185    1
186    5
187    2
188    4
189    1
190    1
191    2
192    3
193    4
194    1
195    4
196    5
197    3
198    5
199    3
200    2
201    5
202    2
203    1
204    1
205    5
206    1
207    4
208    1
209    4
210    1
211    3
212    4
213    5
214    5
215    4
216    3
217    3
218    4
219    4
220    2
221    4
222    1
223    2
224    2
225    2
226    2
227    1
228    5
229    1
230    2
231    4
232    2
233    3
234    3
235    1
236    2
237    3
238    5
239    2
240    5
241    2
242    3
243    1
244    2
245    4
246    4
247    5
248    5
249    2
250    2
251    4
252    4
253    1
254    3
255    3
256    2
257    5
258    1
259    4
260    3
261    3
262    5
263    3
264    2
265    1
266    3
267    5
268    2
269    2
270    5
271    4
272    1
273    4
274    1
275    2
276    5
277    1
278    2
279    2
280    1
281    1
282    3
283    1
284    1
285    2
286    5
287    1
288    2
289    5
290    3
291    4
292    2
293    5
294    5
295    2
296    4
297    1
298    4
299    2
300    3
301    3
302    1
303    4
304    4
305    1
306    5
307    1
308    4
309    4
310    1
311    1
312    3
313    1
314    3
315    2
316    3
317    2
318    1
319    3
320    5
321    5
322    3
323    4
324    4
325    4
326    4
327    2
328    5
329    4
330    3
331    5
332    3
333    5
334    3
335    4
336    3
337    1
338    5
339    2
340    4
341    3
342    5
343    3
344    4
345    2
346    5
347    1
348    2
349    1
350    5
351    2
352    5
353    1
354    2
355    4
356    1
357    3
358    5
359    5
360    2
361    4
362    2
363    2
364    1
365    5
366    5
367    2
368    4
369    2
370    2
371    3
372    1
373    3
374    1
375    2
376    2
377    3
378    5
379    4
380    2
381    3
382    3
383    5
384    3
385    5
386    3
387    3
388    5
389    5
390    4
391    1
392    2
393    3
394    4
395    2
396    5
397    5
398    5
399    2
400    2
401    1
402    1
403    2
404    4
405    4
406    5
407    5
408    3
409    4
410    5
411    4
412    1
413    1
414    5
415    4
416    1
417    2
418    2
419    5
420    5
421    5
422    2
423    3
424    5
425    1
426    3
427    1
428    3
429    1
430    5
431    5
432    3
433    3
434    3
435    3
436    3
437    5
438    1
439    1
440    3
441    3
442    3
443    2
444    4
445    1
446    1
447    5
448    4
449    2
450    1
451    4
452    4
453    2
454    2
455    1
456    2
457    5
458    1
459    5
460    4
461    4
462    4
463    4
464    4
465    5
466    5
467    3
468    2
469    2
470    2
471    3
472    5
473    5
474    1
475    4
476    2
477    2
478    4
479    2
480    4
481    4
482    1
483    5
484    3
485    4
486    5
487    5
488    3
489    3
490    5
491    4
492    4
493    4
494    2
495    2
496    5
497    4
498    3
499    5
500    1
501    3
502    3
503    4
504    2
505    1
506    2
507    4
508    4
509    5
510    1
511    5
512    4
513    3
514    1
515    4
516    5
517    1
518    1
519    4
520    2
521    5
522    1
523    1
524    3
525    3
526    5
527    5
528    2
529    2
530    1
531    2
532    5
533    2
534    3
535    1
536    4
537    2
538    4
539    2
540    5
541    3
542    2
543    5
544    2
545    4
546    4
547    5
548    4
549    5
550    2
551    4
552    2
553    3
554    2
555    2
556    3
557    2
558    3
559    1
560    1
561    4
562    2
563    4
564    3
565    3
566    5
567    5
568    4
569    2
570    1
571    1
572    5
573    1
574    3
575    5
576    3
577    3
578    3
579    5
580    4
581    1
582    3
583    3
584    3
585    5
586    4
587    4
588    4
589    3
590    3
591    2
592    3
593    5
594    4
595    1
596    4
597    5
598    4
599    5
600    3
601    5
602    1
603    3
604    1
605    2
606    5
607    1
608    3
609    4
610    5
611    3
612    3
613    2
614    3
615    5
616    5
617    3
618    2
619    3
620    5
621    3
622    5
623    2
624    4
625    4
626    5
627    5
628    3
629    2
630    1
631    4
632    4
633    4
634    3
635    3
636    3
637    1
638    2
639    4
640    3
641    3
642    1
643    1
644    2
645    2
646    3
647    2
648    1
649    3
650    2
651    3
652    2
653    2
654    4
655    5
656    1
657    3
658    5
659    3
660    3
661    3
662    3
663    5
664    5
665    4
666    3
667    1
668    2
669    2
670    2
671    3
672    4
673    1
674    4
675    1
676    2
677    4
678    2
679    4
680    1
681    3
682    4
683    3
684    1
685    3
686    5
687    1
688    2
689    5
690    1
691    3
692    2
693    3
694    3
695    5
696    3
697    2
698    4
699    2
700    5
701    3
702    4
703    4
704    3
705    1
706    4
707    1
708    1
709    4
710    3
711    2
712    3
713    4
714    2
715    2
716    1
717    5
718    3
719    1
720    4
721    3
722    4
723    4
724    1
725    2
726    4
727    2
728    5
729    4
730    3
731    1
732    4
733    3
734    2
735    1
736    3
737    2
738    2
739    5
740    3
741    2
742    1
743    2
744    2
745    1
746    1
747    3
748    2
749    2
750    1
751    5
752    1
753    4
754    4
755    1
756    2
757    3
758    5
759    5
760    5
761    3
762    4
763    3
764    1
765    5
766    4
767    1
768    4
769    5
770    1
771    3
772    3
773    2
774    1
775    1
776    5
777    1
778    3
779    1
780    1
781    1
782    2
783    3
784    2
785    3
786    5
787    4
788    3
789    2
790    2
791    4
792    1
793    3
794    4
795    2
796    1
797    4
798    1
799    2
800    2
801    4
802    3
803    2
804    5
805    2
806    1
807    5
808    2
809    1
810    2
811    5
812    4
813    5
814    4
815    5
816    1
817    4
818    2
819    3
820    3
821    4
822    5
823    4
824    3
825    5
826    5
827    4
828    1
829    4
830    3
831    2
832    2
833    1
834    5
835    1
836    5
837    3
838    5
839    1
840    3
841    5
842    2
843    4
844    1
845    2
846    2
847    1
848    1
849    2
850    3
851    4
852    2
853    1
854    2
855    3
856    3
857    5
858    3
859    5
860    5
861    4
862    4
863    1
864    5
865    5
866    1
867    1
868    4
869    3
870    2
871    5
872    4
873    1
874    4
875    2
876    5
877    5
878    1
879    3
880    3
881    1
882    4
883    4
884    2
885    4
886    4
887    3
888    4
889    3
890    3
891    3
892    5
893    3
894    4
895    5
896    3
897    4
898    3
899    1
900    1
901    3
902    4
903    2
904    3
905    1
906    1
907    4
908    4
909    1
910    4
911    5
912    3
913    1
914    3
915    5
916    4
917    3
918    2
919    5
920    4
921    1
922    4
923    2
924    4
925    5
926    1
927    4
928    1
929    4
930    1
931    4
932    5
933    1
934    4
935    1
936    3
937    1
938    4
939    3
940    5
941    4
942    3
943    5
944    3
945    4
946    1
947    3
948    1
949    5
950    1
951    5
952    5
953    2
954    3
955    2
956    4
957    5
958    3
959    2
960    1
961    2
962    3
963    5
964    4
965    1
966    5
967    2
968    2
969    4
970    5
971    2
972    3
973    2
974    5
975    1
976    1
977    2
978    2
979    3
980    1
981    1
982    5
983    5
984    4
985    5
986    2
987    5
988    4
989    1
990    5
991    2
992    5
993    5
994    4
995    2
996    3
997    2
998    3
999    2
1000    5
1001    3
1002    4
1003    1
1004    5
1005    4
1006    3
1007    1
1008    5
1009    5
1010    4
1011    1
1012    4
1013    5
1014    4
1015    2
1016    1
1017    2
1018    3
1019    5
1020    5
1021    5
1022    1
1023    2
1024    4
1025    4
1026    3
1027    5
1028    2
1029    4
1030    5
1031    2
1032    4
1033    4
1034    1
1035    1
1036    3
1037    4
1038    3
1039    2
1040    5
1041    4
1042    1
1043    2
1044    3
1045    4
1046    5
1047    4
1048    4
1049    1
1050    2
1051    3
1052    4
1053    2
1054    2
1055    2
1056    1
1057    4
1058    5
1059    2
1060    2
1061    4
1062    3
1063    3
1064    5
1065    1
1066    2
1067    3
1068    1
1069    4
1070    2
1071    4
1072    2
1073    1
1074    3
1075    5
1076    4
1077    2
1078    4
1079    2
1080    3
1081    2
1082    2
1083    4
1084    3
1085    3
1086    1
1087    1
1088    1
1089    1
1090    1
1091    1
1092    5
1093    2
1094    1
1095    2
1096    3
1097    5
1098    4
1099    5
1100    2
1101    4
1102    5
1103    1
1104    1
1105    4
1106    2
1107    2
1108    3
1109    1
1110    3
1111    2
1112    3
1113    3
1114    3
1115    3
1116    3
1117    5
1118    3
1119    1
1120    3
1121    5
1122    3
1123    5
1124    2
1125    4
1126    4
1127    3
1128    1
1129    4
1130    1
1131    1
1132    3
1133    5
1134    4
1135    3
1136    1
1137    4
1138    5
1139    4
1140    4
1141    1
1142    4
1143    1
1144    5
1145    2
1146    3
1147    2
1148    3
1149    5
1150    5
1151    3
1152    1
1153    3
1154    1
1155    2
1156    3
1157    2
1158    4
1159    1
1160    1
1161    5
1162    4
1163    1
1164    5
1165    5
1166    1
1167    3
1168    4
1169    5
1170    3
1171    5
1172    4
1173    5
1174    1
1175    2
1176    3
1177    3
1178    5
1179    1
1180    4
1181    1
1182    2
1183    1
1184    4
1185    4
1186    4
1187    4
1188    5
1189    4
1190    3
1191    3
1192    4
1193    4
1194    4
1195    2
1196    2
1197    4
1198    4
1199    5
1200    4
1201    2
1202    2
1203    1
1204    1
1205    1
1206    5
1207    5
1208    5
1209    4
1210    1
1211    3
1212    5
1213    3
1214    2
1215    5
1216    5
1217    3
1218    3
1219    4
1220    5
1221    3
1222    5
1223    5
1224    4
1225    1
1226    4
1227    3
1228    3
1229    2
1230    4
1231    3
1232    4
1233    3
1234    5
1235    4
1236    3
1237    3
1238    5
1239    2
1240    2
1241    5
1242    4
1243    5
1244    2
1245    3
1246    1
1247    3
1248    1
1249    2
1250    5
1251    5
1252    1
1253    5
1254    2
1255    4
1256    4
1257    1
1258    1
1259    1
1260    2
1261    3
1262    2
1263    5
1264    4
1265    3
1266    2
1267    4
1268    3
1269    3
1270    4
1271    2
1272    5
1273    3
1274    5
1275    1
1276    2
1277    3
1278    5
1279    4
1280    5
1281    2
1282    3
1283    5
1284    1
1285    2
1286    1
1287    5
1288    3
1289    1
1290    5
1291    4
1292    5
1293    4
1294    4
1295    2
1296    2
1297    5
1298    5
1299    3
1300    5
1301    5
1302    1
1303    4
1304    2
1305    1
1306    2
1307    3
1308    5
1309    4
1310    1
1311    1
1312    2
1313    3
1314    1
1315    2
1316    3
1317    3
1318    4
1319    5
1320    2
1321    3
1322    1
1323    5
1324    2
1325    2
1326    2
1327    1
1328    2
1329    2
1330    5
1331    1
1332    1
1333    3
1334    5
1335    4
1336    4
1337    5
1338    3
1339    2
1340    3
1341    5
1342    1
1343    4
1344    2
1345    5
1346    3
1347    2
1348    4
1349    4
1350    1
1351    1
1352    2
1353    3
1354    4
1355    5
1356    4
1357    5
1358    1
1359    5
1360    3
1361    3
1362    1
1363    3
1364    4
1365    1
1366    4
1367    2
1368    3
1369    4
1370    1
1371    4
1372    3
1373    3
1374    4
1375    4
1376    4
1377    2
1378    2
1379    2
1380    1
1381    5
1382    2
1383    2
1384    3
1385    2
1386    4
1387    1
1388    3
1389    5
1390    3
1391    3
1392    1
1393    2
1394    3
1395    4
1396    3
1397    4
1398    2
1399    2
1400    4
1401    1
1402    1
1403    2
1404    3
1405    3
1406    3
1407    2
1408    3
1409    5
1410    3
1411    4
1412    4
1413    4
1414    1
1415    3
1416    4
1417    4
1418    3
1419    3
1420    3
1421    1
1422    2
1423    4
1424    4
1425    2
1426    2
1427    1
1428    2
1429    3
1430    1
1431    3
1432    3
1433    2
1434    3
1435    4
1436    4
1437    2
1438    3
1439    3
1440    2
1441    2
1442    1
1443    2
1444    4
1445    2
1446    2
1447    4
1448    3
1449    1
1450    2
1451    1
1452    4
1453    5
1454    2
1455    5
1456    5
1457    5
1458    2
1459    2
1460    3
1461    3
1462    3
1463    2
1464    3
1465    5
1466    1
1467    4
1468    4
1469    3
1470    4
1471    2
1472    5
1473    5
1474    1
1475    1
1476    4
1477    4
1478    5
1479    3
1480    5
1481    1
1482    5
1483    3
1484    1
1485    2
1486    4
1487    2
1488    3
1489    3
1490    1
1491    1
1492    5
1493    2
1494    1
1495    4
1496    3
1497    1
1498    1
1499    3
1500    1
1501    5
1502    2
1503    5
1504    4
1505    1
1506    3
1507    4
1508    5
1509    4
1510    4
1511    5
1512    5
1513    1
1514    1
1515    1
1516    4
1517    5
1518    1
1519    3
1520    5
1521    4
1522    4
1523    4
1524    4
1525    3
1526    1
1527    2
1528    2
1529    5
1530    4
1531    5
1532    2
1533    5
1534    1
1535    5
1536    1
1537    4
1538    4
1539    3
1540    2
1541    4
1542    5
1543    2
1544    1
1545    3
1546    5
1547    4
1548    4
1549    3
1550    4
1551    4
1552    4
1553    5
1554    2
1555    1
1556    3
1557    2
1558    5
1559    2
1560    2
1561    5
1562    1
1563    4
1564    2
1565    4
1566    2
1567    1
1568    3
1569    4
1570    5
1571    4
1572    2
1573    5
1574    5
1575    2
1576    1
1577    1
1578    4
1579    4
1580    2
1581    1
1582    1
1583    4
1584    1
1585    5
1586    2
1587    3
1588    2
1589    3
1590    3
1591    1
1592    3
1593    4
1594    1
1595    4
1596    4
1597    2
1598    5
1599    5
1600    4
1601    3
1602    5
1603    2
1604    5
1605    1
1606    2
1607    5
1608    1
1609    5
1610    4
1611    2
1612    2
1613    2
1614    4
1615    4
1616    2
1617    5
1618    1
1619    5
1620    3
1621    5
1622    3
1623    4
1624    2
1625    5
1626    3
1627    2
1628    1
1629    3
1630    3
1631    4
1632    3
1633    3
1634    3
1635    5
1636    4
1637    4
1638    3
1639    1
1640    4
1641    4
1642    3
1643    4
1644    5
1645    3
1646    3
1647    5
1648    1
1649    3
1650    1
1651    4
1652    1
1653    5
1654    2
1655    1
1656    3
1657    2
1658    5
1659    4
1660    2
1661    4
1662    2
1663    4
1664    4
1665    3
1666    1
1667    4
1668    2
1669    4
1670    2
1671    4
1672    4
1673    4
1674    2
1675    1
1676    4
1677    5
1678    3
1679    1
1680    4
1681    2
1682    2
1683    2
1684    1
1685    3
1686    2
1687    2
1688    3
1689    4
1690    2
1691    1
1692    1
1693    5
1694    1
1695    4
1696    3
1697    3
1698    3
1699    2
1700    1
1701    2
1702    1
1703    1
1704    5
1705    4
1706    3
1707    5
1708    2
1709    2
1710    1
1711    3
1712    2
1713    4
1714    1
1715    4
1716    1
1717    3
1718    2
1719    3
1720    4
1721    3
1722    2
1723    3
1724    2
1725    3
1726    4
1727    1
1728    3
1729    2
1730    2
1731    3
1732    4
1733    4
1734    3
1735    3
1736    2
1737    2
1738    4
1739    1
1740    2
1741    5
1742    3
1743    4
1744    2
1745    2
1746    1
1747    2
1748    2
1749    1
1750    5
1751    4
1752    1
1753    3
1754    1
1755    4
1756    3
1757    2
1758    2
1759    4
1760    2
1761    4
1762    4
1763    2
1764    4
1765    5
1766    5
1767    1
1768    2
1769    2
1770    2
1771    1
1772    5
1773    5
1774    5
1775    1
1776    1
1777    3
1778    2
1779    2
1780    3
1781    5
1782    1
1783    5
1784    3
1785    5
1786    1
1787    5
1788    3
1789    2
1790    2
1791    2
1792    4
1793    5
1794    5
1795    2
1796    3
1797    5
1798    4
1799    5
1800    2
1801    1
1802    5
1803    1
1804    1
1805    3
1806    5
1807    2
1808    5
1809    2
1810    4
1811    2
1812    4
1813    1
1814    5
1815    1
1816    3
1817    2
1818    1
1819    4
1820    5
1821    5
1822    1
1823    3
1824    2
1825    3
1826    2
1827    1
1828    4
1829    1
1830    2
1831    3
1832    4
1833    5
1834    3
1835    3
1836    1
1837    4
1838    5
1839    3
1840    3
1841    1
1842    1
1843    3
1844    5
1845    3
1846    4
1847    5
1848    2
1849    2
1850    1
1851    2
1852    4
1853    1
1854    1
1855    1
1856    3
1857    2
1858    2
1859    5
1860    3
1861    3
1862    5
1863    3
1864    4
1865    1
1866    3
1867    4
1868    1
1869    5
1870    4
1871    4
1872    2
1873    2
1874    1
1875    5
1876    2
1877    5
1878    1
1879    4
1880    4
1881    4
1882    4
1883    4
1884    4
1885    5
1886    1
1887    4
1888    1
1889    5
1890    3
1891    5
1892    5
1893    1
1894    4
1895    3
1896    1
1897    4
1898    1
1899    4
1900    3
1901    1
1902    5
1903    5
1904    5
1905    3
1906    1
1907    2
1908    4
1909    4
1910    4
1911    2
1912    2
1913    5
1914    4
1915    3
1916    4
1917    4
1918    1
1919    3
1920    4
1921    4
1922    3
1923    1
1924    5
1925    3
1926    1
1927    4
1928    4
1929    5
1930    5
1931    1
1932    4
1933    1
1934    4
1935    3
1936    4
1937    5
1938    4
1939    5
1940    4
1941    2
1942    2
1943    1
1944    2
1945    4
1946    1
1947    2
1948    4
1949    2
1950    1
1951    5
1952    3
1953    1
1954    2
1955    1
1956    5
1957    5
1958    2
1959    3
1960    4
1961    1
1962    3
1963    2
1964    1
1965    2
1966    5
1967    1
1968    3
1969    4
1970    4
1971    4
1972    3
1973    2
1974    2
1975    1
1976    3
1977    1
1978    2
1979    2
1980    2
1981    2
1982    5
1983    4
1984    2
1985    1
1986    1
1987    5
1988    3
1989    1
1990    3
1991    3
1992    1
1993    5
1994    4
1995    4
1996    4
1997    2
1998    2
1999    5
2000    5
2001    5
2002    3
2003    5
2004    2
2005    5
2006    5
2007    1
2008    5
2009    1
2010    1
2011    2
2012    1
2013    4
2014    1
2015    4
2016    4
2017    3
2018    4
2019    2
2020    2
2021    4
2022    2
2023    1
2024    5
2025    4
2026    5
2027    5
2028    3
2029    5
2030    3
2031    5
2032    2
2033    4
2034    4
2035    3
2036    2
2037    4
2038    5
2039    3
2040    5
2041    5
2042    3
2043    4
2044    1
2045    3
2046    5
2047    3
2048    5
2049    2
2050    4
2051    4
2052    1
2053    1
2054    2
2055    2
2056    1
2057    3
2058    3
2059    3
2060    4
2061    3
2062    1
2063    4
2064    1
2065    1
2066    2
2067    2
2068    5
2069    5
2070    1
2071    4
2072    4
2073    5
2074    1
2075    3
2076    4
2077    1
2078    3
2079    4
2080    4
2081    1
2082    4
2083    1
2084    2
2085    4
2086    5
2087    2
2088    3
2089    3
2090    1
2091    4
2092    5
2093    3
2094    3
2095    5
2096    5
2097    3
2098    1
2099    1
2100    4
2101    2
2102    4
2103    3
2104    1
2105    5
2106    5
2107    4
2108    4
2109    4
2110    3
2111    1
2112    3
2113    5
2114    1
2115    3
2116    1
2117    2
2118    3
2119    2
2120    5
2121    3
2122    1
2123    5
2124    4
2125    4
2126    3
2127    2
2128    1
2129    2
2130    4
2131    3
2132    3
2133    1
2134    4
2135    2
2136    4
2137    5
2138    4
2139    1
2140    5
2141    2
2142    2
2143    1
2144    2
2145    4
2146    1
2147    1
2148    1
2149    5
2150    4
2151    1
2152    1
2153    4
2154    1
2155    4
2156    3
2157    2
2158    2
2159    5
2160    3
2161    4
2162    2
2163    4
2164    2
2165    1
2166    2
2167    4
2168    3
2169    3
2170    3
2171    5
2172    2
2173    3
2174    4
2175    2
2176    3
2177    2
2178    1
2179    1
2180    1
2181    2
2182    4
2183    3
2184    4
2185    4
2186    3
2187    2
2188    5
2189    3
2190    3
2191    3
2192    2
2193    5
2194    5
2195    5
2196    2
2197    5
2198    2
2199    4
2200    1
2201    2
2202    5
2203    3
2204    5
2205    3
2206    4
2207    2
2208    1
2209    1
2210    4
2211    1
2212    5
2213    2
2214    1
2215    1
2216    3
2217    1
2218    4
2219    2
2220    2
2221    2
2222    4
2223    1
2224    3
2225    4
2226    3
2227    3
2228    5
2229    1
2230    1
2231    3
2232    2
2233    1
2234    1
2235    1
2236    4
2237    2
2238    3
2239    5
2240    4
2241    5
2242    2
2243    4
2244    3
2245    4
2246    3
2247    2
2248    1
2249    2
2250    2
2251    3
2252    4
2253    4
2254    1
2255    1
2256    4
2257    2
2258    1
2259    2
2260    2
2261    5
2262    1
2263    3
2264    5
2265    3
2266    5
2267    3
2268    5
2269    4
2270    2
2271    3
2272    5
2273    4
2274    5
2275    5
2276    4
2277    3
2278    4
2279    1
2280    5
2281    5
2282    5
2283    2
2284    5
2285    1
2286    2
2287    5
2288    2
2289    4
2290    3
2291    1
2292    2
2293    5
2294    5
2295    5
2296    3
2297    1
2298    2
2299    1
2300    3
2301    1
2302    3
2303    3
2304    2
2305    2
2306    2
2307    3
2308    2
2309    4
2310    2
2311    1
2312    2
2313    2
2314    4
2315    3
2316    4
2317    2
2318    2
2319    4
2320    3
2321    5
2322    3
2323    2
2324    1
2325    1
2326    2
2327    4
2328    3
2329    5
2330    1
2331    2
2332    3
2333    1
2334    3
2335    2
2336    4
2337    2
2338    1
2339    1
2340    4
2341    1
2342    5
2343    4
2344    1
2345    1
2346    5
2347    4
2348    4
2349    3
2350    5
2351    1
2352    1
2353    2
2354    3
2355    1
2356    5
2357    5
2358    3
2359    1
2360    1
2361    2
2362    4
2363    4
2364    4
2365    2
2366    4
2367    4
2368    5
2369    5
2370    3
2371    1
2372    5
2373    5
2374    1
2375    4
2376    3
2377    2
2378    4
2379    3
2380    3
2381    1
2382    3
2383    1
2384    2
2385    2
2386    5
2387    2
2388    2
2389    3
2390    2
2391    3
2392    4
2393    3
2394    3
2395    5
2396    3
2397    3
2398    3
2399    4
2400    5
2401    1
2402    1
2403    5
2404    5
2405    3
2406    2
2407    3
2408    3
2409    1
2410    4
2411    1
2412    1
2413    1
2414    2
2415    3
2416    3
2417    5
2418    5
2419    3
2420    4
2421    3
2422    4
2423    2
2424    4
2425    5
2426    3
2427    3
2428    3
2429    3
2430    5
2431    3
2432    1
2433    1
2434    3
2435    5
2436    3
2437    5
2438    1
2439    5
2440    3
2441    5
2442    1
2443    4
2444    2
2445    4
2446    3
2447    4
2448    5
2449    1
2450    2
2451    2
2452    5
2453    2
2454    4
2455    5
2456    5
2457    4
2458    2
2459    5
2460    5
2461    2
2462    3
2463    3
2464    3
2465    4
2466    5
2467    2
2468    1
2469    2
2470    3
2471    4
2472    1
2473    5
2474    4
2475    1
2476    4
2477    1
2478    3
2479    2
2480    3
2481    1
2482    2
2483    3
2484    5
2485    4
2486    1
2487    5
2488    2
2489    2
2490    3
2491    4
2492    5
2493    4
2494    1
2495    1
2496    2
2497    4
2498    2
2499    4
2500    1
2501    5
2502    5
2503    1
2504    1
2505    3
2506    1
2507    2
2508    4
2509    1
2510    4
2511    4
2512    2
2513    2
2514    3
2515    4
2516    2
2517    4
2518    2
2519    2
2520    2
2521    3
2522    5
2523    1
2524    1
2525    5
2526    2
2527    3
2528    3
2529    1
2530    3
2531    1
2532    4
2533    5
2534    2
2535    5
2536    2
2537    5
2538    4
2539    1
2540    3
2541    2
2542    4
2543    1
2544    5
2545    3
2546    3
2547    1
2548    2
2549    2
2550    3
2551    2
2552    1
2553    3
2554    1
2555    5
2556    3
2557    4
2558    3
2559    2
2560    5
2561    4
2562    1
2563    5
2564    5
2565    5
2566    1
2567    5
2568    4
2569    4
2570    2
2571    1
2572    4
2573    1
2574    2
2575    2
2576    1
2577    5
2578    4
2579    1
2580    4
2581    4
2582    4
2583    1
2584    5
2585    5
2586    3
2587    1
2588    3
2589    1
2590    2
2591    5
2592    3
2593    2
2594    5
2595    4
2596    5
2597    4
2598    4
2599    2
2600    2
2601    5
2602    2
2603    4
2604    4
2605    5
2606    4
2607    4
2608    2
2609    1
2610    5
2611    5
2612    3
2613    3
2614    5
2615    1
2616    5
2617    4
2618    1
2619    1
2620    4
2621    5
2622    4
2623    1
2624    1
2625    1
2626    1
2627    1
2628    5
2629    2
2630    5
2631    5
2632    2
2633    3
2634    5
2635    1
2636    1
2637    5
2638    3
2639    5
2640    2
2641    5
2642    4
2643    1
2644    1
2645    4
2646    2
2647    3
2648    3
2649    5
2650    4
2651    2
2652    2
2653    5
2654    1
2655    1
2656    3
2657    5
2658    1
2659    3
2660    3
2661    2
2662    5
2663    4
2664    1
2665    5
2666    5
2667    1
2668    3
2669    4
2670    4
2671    2
2672    2
2673    5
2674    2
2675    1
2676    5
2677    4
2678    2
2679    4
2680    5
2681    1
2682    4
2683    3
2684    3
2685    1
2686    2
2687    5
2688    1
2689    5
2690    4
2691    4
2692    3
2693    1
2694    3
2695    1
2696    1
2697    4
2698    5
2699    4
2700    1
2701    4
2702    4
2703    1
2704    1
2705    1
2706    3
2707    4
2708    5
2709    3
2710    5
2711    1
2712    4
2713    5
2714    5
2715    1
2716    5
2717    4
2718    4
2719    3
2720    4
2721    1
2722    3
2723    5
2724    5
2725    3
2726    5
2727    4
2728    2
2729    4
2730    4
2731    1
2732    5
2733    3
2734    4
2735    1
2736    2
2737    4
2738    4
2739    5
2740    1
2741    3
2742    3
2743    2
2744    5
2745    3
2746    1
2747    4
2748    3
2749    1
2750    4
2751    5
2752    1
2753    4
2754    2
2755    3
2756    4
2757    4
2758    3
2759    5
2760    4
2761    4
2762    3
2763    1
2764    2
2765    4
2766    1
2767    3
2768    1
2769    5
2770    3
2771    1
2772    1
2773    2
2774    5
2775    2
2776    5
2777    5
2778    2
2779    1
2780    4
2781    5
2782    3
2783    5
2784    5
2785    5
2786    3
2787    4
2788    1
2789    5
2790    4
2791    2
2792    2
2793    4
2794    1
2795    3
2796    4
2797    5
2798    3
2799    2
2800    5
2801    4
2802    5
2803    3
2804    3
2805    4
2806    1
2807    3
2808    3
2809    5
2810    2
2811    5
2812    3
2813    2
2814    4
2815    3
2816    1
2817    2
2818    3
2819    4
2820    3
2821    3
2822    4
2823    2
2824    3
2825    1
2826    3
2827    2
2828    3
2829    3
2830    2
2831    3
2832    1
2833    4
2834    3
2835    5
2836    3
2837    5
2838    2
2839    1
2840    1
2841    2
2842    3
2843    2
2844    2
2845    4
2846    2
2847    4
2848    2
2849    1
2850    5
2851    5
2852    2
2853    4
2854    3
2855    1
2856    3
2857    3
2858    2
2859    2
2860    3
2861    1
2862    3
2863    3
2864    4
2865    5
2866    3
2867    3
2868    1
2869    4
2870    1
2871    1
2872    2
2873    3
2874    5
2875    4
2876    4
2877    3
2878    5
2879    5
2880    3
2881    5
2882    2
2883    4
2884    3
2885    1
2886    4
2887    3
2888    2
2889    3
2890    2
2891    4
2892    5
2893    3
2894    1
2895    1
2896    3
2897    5
2898    1
2899    2
2900    1
2901    2
2902    3
2903    1
2904    2
2905    2
2906    2
2907    4
2908    1
2909    1
2910    2
2911    3
2912    5
2913    4
2914    4
2915    4
2916    1
2917    5
2918    3
2919    2
2920    1
2921    4
2922    3
2923    3
2924    1
2925    4
2926    4
2927    2
2928    2
2929    5
2930    4
2931    5
2932    4
2933    5
2934    4
2935    5
2936    2
2937    5
2938    1
2939    5
2940    2
2941    5
2942    1
2943    5
2944    1
2945    3
2946    5
2947    1
2948    5
2949    4
2950    5
2951    5
2952    1
2953    2
2954    5
2955    1
2956    5
2957    4
2958    5
2959    4
2960    3
2961    1
2962    3
2963    3
2964    1
2965    5
2966    2
2967    4
2968    1
2969    1
2970    1
2971    4
2972    5
2973    3
2974    3
2975    4
2976    5
2977    4
2978    3
2979    2
2980    2
2981    3
2982    4
2983    2
2984    5
2985    1
2986    5
2987    2
2988    5
2989    1
2990    3
2991    2
2992    5
2993    2
2994    5
2995    1
2996    4
2997    4
2998    3
2999    5
3000    2
