1    1    1
1    17    1
1    6    1
2    8    1
2    12    1
2    2    1
3    13    1
3    3    1
3    8    1
4    5    1
5    20    1
5    4    1
6    6    1
6    14    1
6    15    1
7    16    1
8    3    1
8    7    1
9    9    1
9    10    1
9    18    1
10    9    1
10    19    1
11    11    1
11    5    1
11    9    1
12    8    1
12    1    1
12    20    1
13    13    1
13    20    1
14    5    1
14    14    1
14    18    1
15    11    1
16    5    1
17    17    1
18    11    1
19    15    1
19    8    1
20    7    1
20    6    1
20    1    1
21    16    1
22    18    1
23    16    1
24    11    1
24    10    1
25    10    1
25    5    1
26    12    1
26    20    1
26    8    1
27    3    1
27    18    1
27    5    1
28    7    1
29    13    1
29    2    1
30    13    1
30    5    1
30    3    1
31    6    1
32    1    1
32    12    1
32    20    1
33    9    1
33    5    1
34    13    1
35    11    1
36    2    1
36    13    1
37    17    1
38    20    1
38    3    1
39    18    1
39    6    1
40    4    1
40    1    1
41    3    1
42    16    1
42    19    1
43    14    1
43    15    1
43    10    1
44    4    1
45    8    1
46    12    1
47    12    1
48    19    1
48    14    1
48    12    1
49    17    1
49    18    1
49    6    1
50    9    1
50    15    1
50    6    1
51    1    1
51    11    1
52    1    1
52    10    1
53    11    1
53    1    1
54    6    1
54    8    1
54    9    1
55    18    1
56    1    1
57    12    1
58    10    1
58    19    1
58    17    1
59    16    1
59    3    1
59    18    1
60    15    1
61    4    1
61    13    1
62    9    1
62    7    1
63    5    1
63    12    1
63    20    1
64    4    1
65    19    1
66    12    1
67    7    1
68    16    1
69    11    1
69    11    1
69    17    1
70    20    1
71    16    1
71    18    1
72    1    1
72    10    1
73    5    1
73    6    1
73    11    1
74    4    1
74    3    1
75    19    1
76    16    1
76    18    1
76    11    1
77    5    1
77    11    1
78    12    1
78    1    1
78    17    1
79    1    1
79    15    1
80    19    1
81    13    1
82    20    1
82    12    1
83    13    1
83    15    1
84    8    1
85    9    1
85    17    1
85    18    1
86    8    1
86    15    1
87    11    1
87    14    1
88    14    1
88    3    1
88    3    1
89    15    1
89    11    1
89    15    1
90    4    1
90    16    1
90    4    1
91    20    1
91    11    1
92    7    1
93    6    1
93    11    1
93    1    1
94    20    1
95    19    1
95    16    1
95    11    1
96    12    1
96    15    1
96    13    1
97    8    1
97    6    1
98    18    1
99    14    1
100    17    1
100    8    1
100    7    1
101    20    1
101    9    1
101    9    1
102    10    1
102    2    1
102    6    1
103    14    1
104    10    1
104    18    1
105    20    1
105    15    1
105    20    1
106    9    1
107    5    1
107    11    1
108    17    1
108    17    1
109    20    1
109    17    1
110    18    1
110    17    1
111    11    1
111    10    1
112    9    1
112    6    1
112    10    1
113    17    1
114    9    1
115    9    1
115    16    1
115    5    1
116    4    1
116    18    1
116    19    1
117    18    1
117    5    1
117    1    1
118    5    1
118    16    1
119    6    1
119    20    1
120    14    1
120    8    1
120    9    1
121    19    1
122    19    1
122    12    1
122    20    1
123    7    1
123    14    1
123    13    1
124    20    1
124    13    1
124    19    1
125    1    1
126    13    1
126    4    1
127    7    1
127    9    1
128    12    1
129    2    1
130    4    1
130    6    1
130    14    1
131    18    1
131    4    1
132    11    1
133    3    1
133    17    1
134    5    1
135    1    1
135    9    1
136    9    1
136    16    1
136    1    1
137    9    1
137    6    1
138    13    1
138    3    1
139    15    1
140    2    1
140    6    1
140    1    1
141    18    1
141    13    1
142    6    1
142    19    1
142    16    1
143    8    1
143    6    1
144    13    1
144    8    1
144    8    1
145    3    1
145    5    1
146    15    1
147    14    1
147    12    1
148    20    1
148    17    1
149    20    1
149    17    1
150    12    1
150    15    1
151    16    1
152    2    1
152    2    1
153    5    1
153    4    1
153    18    1
154    17    1
154    9    1
154    8    1
155    19    1
155    5    1
156    7    1
157    11    1
158    19    1
158    1    1
159    5    1
160    2    1
161    9    1
162    7    1
163    12    1
163    5    1
164    5    1
165    9    1
166    17    1
166    1    1
167    8    1
168    19    1
168    19    1
168    17    1
169    8    1
170    5    1
170    17    1
170    11    1
171    19    1
171    16    1
172    1    1
173    8    1
173    20    1
173    19    1
174    16    1
174    20    1
174    4    1
175    4    1
175    3    1
175    4    1
176    16    1
177    5    1
177    10    1
177    1    1
178    16    1
179    7    1
180    1    1
181    9    1
181    15    1
181    1    1
182    1    1
183    11    1
184    20    1
184    19    1
184    10    1
185    15    1
185    3    1
185    17    1
186    9    1
186    12    1
186    20    1
187    8    1
187    1    1
187    4    1
188    20    1
188    6    1
188    3    1
189    4    1
190    6    1
190    16    1
190    1    1
191    12    1
191    2    1
192    19    1
192    4    1
192    3    1
193    11    1
194    7    1
194    4    1
194    12    1
195    8    1
196    13    1
196    9    1
196    10    1
197    13    1
197    3    1
198    16    1
198    11    1
198    6    1
199    16    1
200    1    1
200    19    1
201    16    1
201    15    1
202    1    1
202    19    1
203    2    1
203    4    1
203    3    1
204    11    1
204    2    1
205    16    1
206    14    1
206    3    1
206    6    1
207    7    1
208    15    1
208    12    1
208    2    1
209    16    1
209    2    1
209    12    1
210    8    1
210    15    1
211    10    1
211    20    1
212    10    1
212    16    1
212    5    1
213    4    1
213    11    1
213    15    1
214    14    1
214    20    1
214    12    1
215    13    1
216    1    1
216    2    1
216    5    1
217    20    1
217    7    1
218    6    1
218    3    1
218    3    1
219    16    1
219    15    1
220    3    1
220    17    1
221    7    1
222    14    1
222    17    1
223    12    1
223    18    1
223    1    1
224    12    1
224    13    1
224    13    1
225    5    1
225    16    1
225    3    1
226    6    1
227    20    1
227    6    1
227    19    1
228    8    1
228    16    1
229    7    1
229    14    1
230    19    1
230    18    1
231    10    1
231    9    1
232    7    1
232    1    1
232    11    1
233    17    1
233    17    1
233    3    1
234    14    1
234    19    1
235    2    1
236    13    1
237    18    1
237    18    1
237    5    1
238    14    1
239    20    1
239    7    1
240    20    1
240    20    1
241    11    1
242    16    1
242    16    1
243    8    1
243    19    1
244    20    1
245    16    1
246    8    1
246    15    1
246    10    1
247    19    1
247    18    1
248    6    1
248    15    1
248    16    1
249    18    1
249    12    1
250    14    1
250    12    1
251    19    1
251    10    1
251    7    1
252    2    1
253    14    1
253    3    1
254    15    1
255    17    1
255    20    1
255    17    1
256    20    1
256    18    1
257    14    1
257    13    1
257    16    1
258    12    1
258    9    1
258    9    1
259    12    1
259    3    1
259    19    1
260    13    1
260    16    1
260    11    1
261    2    1
261    13    1
262    2    1
262    11    1
263    18    1
263    18    1
264    12    1
264    7    1
265    6    1
265    6    1
265    1    1
266    8    1
266    19    1
267    1    1
268    2    1
269    12    1
270    8    1
270    5    1
271    5    1
271    13    1
271    8    1
272    1    1
272    6    1
272    11    1
273    6    1
273    13    1
274    6    1
274    3    1
274    2    1
275    17    1
275    15    1
276    11    1
277    2    1
277    1    1
277    10    1
278    8    1
278    14    1
278    7    1
279    3    1
280    12    1
280    5    1
280    5    1
281    19    1
281    13    1
281    6    1
282    15    1
283    5    1
284    9    1
285    4    1
286    20    1
287    16    1
288    20    1
288    17    1
289    8    1
289    19    1
289    18    1
290    11    1
291    14    1
292    15    1
292    18    1
293    8    1
293    7    1
294    14    1
294    18    1
294    18    1
295    15    1
295    8    1
295    2    1
296    12    1
297    5    1
297    4    1
298    16    1
298    5    1
298    16    1
299    4    1
300    20    1
300    18    1
300    15    1
301    18    1
301    5    1
302    6    1
302    11    1
303    20    1
304    4    1
305    13    1
305    4    1
306    17    1
307    11    1
307    11    1
307    12    1
308    19    1
309    11    1
310    4    1
311    20    1
312    13    1
312    2    1
312    6    1
313    7    1
313    19    1
314    2    1
315    2    1
316    9    1
316    17    1
316    6    1
317    5    1
318    3    1
318    1    1
318    11    1
319    15    1
320    4    1
321    17    1
321    1    1
321    18    1
322    11    1
322    12    1
323    16    1
324    1    1
325    7    1
325    14    1
326    17    1
327    10    1
328    4    1
328    14    1
328    15    1
329    19    1
330    10    1
331    16    1
332    7    1
332    12    1
332    20    1
333    5    1
333    14    1
334    1    1
334    3    1
334    15    1
335    18    1
335    15    1
336    6    1
337    16    1
337    14    1
337    1    1
338    9    1
338    18    1
338    6    1
339    4    1
339    19    1
339    19    1
340    6    1
340    13    1
341    5    1
342    20    1
342    18    1
343    9    1
344    10    1
344    5    1
345    13    1
345    17    1
346    19    1
346    16    1
346    13    1
347    10    1
347    2    1
347    17    1
348    10    1
348    20    1
349    1    1
350    20    1
350    3    1
350    19    1
351    8    1
352    11    1
352    8    1
353    15    1
353    5    1
353    13    1
354    13    1
355    15    1
355    9    1
355    17    1
356    18    1
357    17    1
358    4    1
359    3    1
360    19    1
361    4    1
362    13    1
362    15    1
363    1    1
363    9    1
363    4    1
364    20    1
364    4    1
364    18    1
365    16    1
366    8    1
366    3    1
366    18    1
367    7    1
368    16    1
368    5    1
368    16    1
369    12    1
369    15    1
370    12    1
371    11    1
372    11    1
373    3    1
373    7    1
374    11    1
374    13    1
375    10    1
376    19    1
377    18    1
377    1    1
377    17    1
378    13    1
378    5    1
379    9    1
379    8    1
379    11    1
380    15    1
380    13    1
381    7    1
382    8    1
382    6    1
383    1    1
384    19    1
384    2    1
384    5    1
385    1    1
386    1    1
386    12    1
386    5    1
387    13    1
387    11    1
387    14    1
388    14    1
388    11    1
389    2    1
389    19    1
390    17    1
390    14    1
391    15    1
391    2    1
392    2    1
392    20    1
393    18    1
393    13    1
393    12    1
394    9    1
394    12    1
394    14    1
395    12    1
395    20    1
396    20    1
396    8    1
396    4    1
397    17    1
397    10    1
397    17    1
398    19    1
398    7    1
399    7    1
399    1    1
400    18    1
401    14    1
401    13    1
402    2    1
403    12    1
403    1    1
403    10    1
404    7    1
404    17    1
405    12    1
405    4    1
406    12    1
407    11    1
407    8    1
407    11    1
408    13    1
408    6    1
409    5    1
409    15    1
409    6    1
410    10    1
410    12    1
411    5    1
411    20    1
411    19    1
412    14    1
412    12    1
412    17    1
413    1    1
414    14    1
415    19    1
415    9    1
415    3    1
416    13    1
416    13    1
417    7    1
417    20    1
417    17    1
418    8    1
418    19    1
418    4    1
419    15    1
419    12    1
419    12    1
420    5    1
420    5    1
421    4    1
421    7    1
421    13    1
422    11    1
422    1    1
423    18    1
423    14    1
424    19    1
424    6    1
424    6    1
425    1    1
426    17    1
426    6    1
427    16    1
427    15    1
428    19    1
428    2    1
429    3    1
429    14    1
430    1    1
431    1    1
432    14    1
432    9    1
432    18    1
433    7    1
434    2    1
435    4    1
436    1    1
437    16    1
437    9    1
438    9    1
439    12    1
440    4    1
441    8    1
441    17    1
441    18    1
442    15    1
442    9    1
443    15    1
444    2    1
444    6    1
444    16    1
445    13    1
445    20    1
446    14    1
446    1    1
446    8    1
447    14    1
447    5    1
448    1    1
448    5    1
449    17    1
449    19    1
450    14    1
451    10    1
451    18    1
452    17    1
452    20    1
452    2    1
453    20    1
453    19    1
453    9    1
454    5    1
454    4    1
454    3    1
455    13    1
455    3    1
455    15    1
456    12    1
457    20    1
457    14    1
457    7    1
458    6    1
458    9    1
458    1    1
459    12    1
459    18    1
459    10    1
460    16    1
461    18    1
462    13    1
462    15    1
463    18    1
464    17    1
465    17    1
465    6    1
466    20    1
467    13    1
468    3    1
469    8    1
470    14    1
470    17    1
471    15    1
471    11    1
472    20    1
473    14    1
473    14    1
474    6    1
474    3    1
475    15    1
475    18    1
476    16    1
476    18    1
477    16    1
477    14    1
478    8    1
478    4    1
478    10    1
479    11    1
479    9    1
479    1    1
480    4    1
481    19    1
481    15    1
481    8    1
482    17    1
483    11    1
483    2    1
483    20    1
484    8    1
485    5    1
485    14    1
485    4    1
486    15    1
486    19    1
486    10    1
487    1    1
487    16    1
488    8    1
488    20    1
488    2    1
489    1    1
489    15    1
490    8    1
490    15    1
491    14    1
491    14    1
492    4    1
492    8    1
492    8    1
493    13    1
493    11    1
493    18    1
494    5    1
495    8    1
495    6    1
496    18    1
496    15    1
497    16    1
497    11    1
498    12    1
499    6    1
499    16    1
500    14    1
501    10    1
501    16    1
501    19    1
502    16    1
502    5    1
503    7    1
503    4    1
504    10    1
504    10    1
504    3    1
505    13    1
506    7    1
507    18    1
508    15    1
508    17    1
508    7    1
509    7    1
510    9    1
510    6    1
511    11    1
511    10    1
512    18    1
512    20    1
513    10    1
513    10    1
513    3    1
514    12    1
514    20    1
514    3    1
515    5    1
515    9    1
516    4    1
516    20    1
517    12    1
517    8    1
517    4    1
518    20    1
519    5    1
519    20    1
520    6    1
521    12    1
521    19    1
521    14    1
522    5    1
522    11    1
522    20    1
523    7    1
523    8    1
524    17    1
524    9    1
525    5    1
525    15    1
526    7    1
527    4    1
527    11    1
527    2    1
528    7    1
528    19    1
529    17    1
530    1    1
531    15    1
531    19    1
531    4    1
532    1    1
533    6    1
533    16    1
534    19    1
535    11    1
535    13    1
535    7    1
536    8    1
536    3    1
536    12    1
537    10    1
538    1    1
538    7    1
539    20    1
539    16    1
540    4    1
541    6    1
541    16    1
541    1    1
542    20    1
543    12    1
543    19    1
544    14    1
544    17    1
544    6    1
545    19    1
545    7    1
545    11    1
546    18    1
547    20    1
547    14    1
547    14    1
548    15    1
549    17    1
550    2    1
550    3    1
550    17    1
551    6    1
552    10    1
553    6    1
554    18    1
555    6    1
555    7    1
556    7    1
557    18    1
557    2    1
558    18    1
559    19    1
560    9    1
560    12    1
560    7    1
561    20    1
561    7    1
562    16    1
562    17    1
562    16    1
563    20    1
564    17    1
564    18    1
564    16    1
565    7    1
565    20    1
566    13    1
566    2    1
567    1    1
568    11    1
569    6    1
569    11    1
570    16    1
570    11    1
571    15    1
571    14    1
572    1    1
573    3    1
574    18    1
574    4    1
574    8    1
575    1    1
575    16    1
575    11    1
576    4    1
576    9    1
577    13    1
577    14    1
578    1    1
579    7    1
579    15    1
580    1    1
581    15    1
581    2    1
582    7    1
583    7    1
583    11    1
584    20    1
584    14    1
585    20    1
586    19    1
586    6    1
587    7    1
587    10    1
587    15    1
588    7    1
588    9    1
589    7    1
590    19    1
590    3    1
590    5    1
591    1    1
592    11    1
592    3    1
592    14    1
593    15    1
593    20    1
593    17    1
594    15    1
594    13    1
595    9    1
595    9    1
595    18    1
596    3    1
597    20    1
597    18    1
597    11    1
598    8    1
598    14    1
598    17    1
599    13    1
599    10    1
599    1    1
600    9    1
600    18    1
600    19    1
601    2    1
601    20    1
601    16    1
602    16    1
602    4    1
602    18    1
603    6    1
603    8    1
603    2    1
604    8    1
604    9    1
604    20    1
605    11    1
606    19    1
606    5    1
607    10    1
607    8    1
607    15    1
608    16    1
608    15    1
609    7    1
609    11    1
610    10    1
610    2    1
610    1    1
611    3    1
611    15    1
611    4    1
612    9    1
612    6    1
612    7    1
613    6    1
613    15    1
614    16    1
615    11    1
615    9    1
615    18    1
616    1    1
616    3    1
617    10    1
618    18    1
619    4    1
620    18    1
620    2    1
620    12    1
621    16    1
622    9    1
623    14    1
624    7    1
625    10    1
625    2    1
625    12    1
626    20    1
626    17    1
626    15    1
627    15    1
627    11    1
628    17    1
629    10    1
629    4    1
629    16    1
630    18    1
630    10    1
631    9    1
631    1    1
632    6    1
632    11    1
632    15    1
633    17    1
633    10    1
633    19    1
634    9    1
634    20    1
634    7    1
635    19    1
636    15    1
636    10    1
637    20    1
637    20    1
637    12    1
638    1    1
638    16    1
638    10    1
639    3    1
640    15    1
641    6    1
641    1    1
642    9    1
642    5    1
643    11    1
644    20    1
644    15    1
645    6    1
645    1    1
645    9    1
646    17    1
646    11    1
646    6    1
647    1    1
648    20    1
648    20    1
649    19    1
649    7    1
649    15    1
650    9    1
650    8    1
651    19    1
652    14    1
652    16    1
652    1    1
653    13    1
653    5    1
654    11    1
654    3    1
654    8    1
655    19    1
655    2    1
656    6    1
656    10    1
657    9    1
657    8    1
657    7    1
658    4    1
658    15    1
659    13    1
659    1    1
659    15    1
660    12    1
660    19    1
660    15    1
661    6    1
661    10    1
662    15    1
662    10    1
662    19    1
663    8    1
663    3    1
663    11    1
664    20    1
664    5    1
664    11    1
665    1    1
666    19    1
666    14    1
667    15    1
668    9    1
669    15    1
669    7    1
669    16    1
670    11    1
670    11    1
671    14    1
672    15    1
672    19    1
672    16    1
673    5    1
673    13    1
673    19    1
674    8    1
675    10    1
675    9    1
676    7    1
676    5    1
677    18    1
677    14    1
678    17    1
679    16    1
679    13    1
679    7    1
680    17    1
680    5    1
680    19    1
681    19    1
681    6    1
681    15    1
682    10    1
682    3    1
682    15    1
683    10    1
683    15    1
683    4    1
684    11    1
685    6    1
685    16    1
685    6    1
686    2    1
687    2    1
687    6    1
688    8    1
689    15    1
689    1    1
690    6    1
690    7    1
691    1    1
691    4    1
691    9    1
692    17    1
692    11    1
692    8    1
693    6    1
693    20    1
693    1    1
694    11    1
694    17    1
695    18    1
695    1    1
696    1    1
696    11    1
697    4    1
697    16    1
698    16    1
698    17    1
698    4    1
699    11    1
700    8    1
700    20    1
701    11    1
701    18    1
701    12    1
702    3    1
702    2    1
703    18    1
703    13    1
704    18    1
704    14    1
705    14    1
706    9    1
707    2    1
708    11    1
709    5    1
709    20    1
709    3    1
710    1    1
710    2    1
711    9    1
712    12    1
713    20    1
713    14    1
713    14    1
714    2    1
715    3    1
716    1    1
716    18    1
717    1    1
718    8    1
718    13    1
718    11    1
719    18    1
719    17    1
720    19    1
720    15    1
720    17    1
721    16    1
722    3    1
722    17    1
723    3    1
723    17    1
724    1    1
724    15    1
724    14    1
725    9    1
726    19    1
726    17    1
727    8    1
727    9    1
727    3    1
728    16    1
728    9    1
728    13    1
729    3    1
729    10    1
729    17    1
730    10    1
730    13    1
730    2    1
731    5    1
731    16    1
731    17    1
732    3    1
732    7    1
733    6    1
734    14    1
735    12    1
736    1    1
736    5    1
737    4    1
738    19    1
739    19    1
740    3    1
740    10    1
741    2    1
742    1    1
743    14    1
743    7    1
744    1    1
744    3    1
745    1    1
745    10    1
746    17    1
747    20    1
747    8    1
748    13    1
748    6    1
749    12    1
750    2    1
751    3    1
751    5    1
752    8    1
752    10    1
753    8    1
754    6    1
754    7    1
754    12    1
755    12    1
756    9    1
757    18    1
757    6    1
758    6    1
758    18    1
759    16    1
759    9    1
760    12    1
761    2    1
761    6    1
761    7    1
762    12    1
763    5    1
763    20    1
763    18    1
764    6    1
764    3    1
765    20    1
766    1    1
766    20    1
766    3    1
767    9    1
767    20    1
768    7    1
768    10    1
769    6    1
769    17    1
770    2    1
770    1    1
771    19    1
771    10    1
771    17    1
772    7    1
773    14    1
773    3    1
774    19    1
774    8    1
774    13    1
775    2    1
775    17    1
776    16    1
776    7    1
777    20    1
777    17    1
777    14    1
778    18    1
779    15    1
780    1    1
781    12    1
782    3    1
783    12    1
783    6    1
784    5    1
784    5    1
785    12    1
786    9    1
786    3    1
786    6    1
787    7    1
788    18    1
789    3    1
789    14    1
790    3    1
790    5    1
791    14    1
791    6    1
792    1    1
792    4    1
792    4    1
793    4    1
793    15    1
794    17    1
794    15    1
795    15    1
795    20    1
795    13    1
796    18    1
796    9    1
797    19    1
798    1    1
799    6    1
799    18    1
800    4    1
800    2    1
800    6    1
801    3    1
801    11    1
802    12    1
802    19    1
803    20    1
803    3    1
804    11    1
805    14    1
805    4    1
806    13    1
806    11    1
806    13    1
807    6    1
808    13    1
809    8    1
809    14    1
810    20    1
810    19    1
810    20    1
811    10    1
812    19    1
812    16    1
812    14    1
813    6    1
814    18    1
815    9    1
816    14    1
816    17    1
817    6    1
818    16    1
819    10    1
820    9    1
821    9    1
821    7    1
822    9    1
822    3    1
822    6    1
823    14    1
824    7    1
824    20    1
825    8    1
825    18    1
826    20    1
827    16    1
828    1    1
828    4    1
829    20    1
829    17    1
830    20    1
830    13    1
831    19    1
831    4    1
832    10    1
832    16    1
832    14    1
833    6    1
834    12    1
835    18    1
836    7    1
836    14    1
836    3    1
837    14    1
838    15    1
838    15    1
838    9    1
839    16    1
839    17    1
840    16    1
840    17    1
841    5    1
841    14    1
841    6    1
842    16    1
842    2    1
843    13    1
844    16    1
844    3    1
844    7    1
845    5    1
845    4    1
845    9    1
846    20    1
846    14    1
846    20    1
847    17    1
848    20    1
848    9    1
849    12    1
849    16    1
849    11    1
850    10    1
850    9    1
851    20    1
852    9    1
853    7    1
853    17    1
853    16    1
854    13    1
855    2    1
855    14    1
856    13    1
857    9    1
858    4    1
858    20    1
859    13    1
860    17    1
860    11    1
860    6    1
861    9    1
861    12    1
862    20    1
862    13    1
863    3    1
864    5    1
864    4    1
865    5    1
865    9    1
865    15    1
866    18    1
867    13    1
867    4    1
867    20    1
868    1    1
868    1    1
869    5    1
869    9    1
870    13    1
870    4    1
871    1    1
871    12    1
872    4    1
873    12    1
873    4    1
874    14    1
875    6    1
875    18    1
876    2    1
877    8    1
877    11    1
878    10    1
879    14    1
879    8    1
879    5    1
880    16    1
880    12    1
881    11    1
881    11    1
882    16    1
883    10    1
884    16    1
885    14    1
885    15    1
885    11    1
886    13    1
886    4    1
886    5    1
887    10    1
887    19    1
888    3    1
888    9    1
888    8    1
889    16    1
889    14    1
890    19    1
890    1    1
891    11    1
891    9    1
891    17    1
892    3    1
893    1    1
893    18    1
893    2    1
894    3    1
894    7    1
895    16    1
895    17    1
895    9    1
896    13    1
896    11    1
896    17    1
897    18    1
897    12    1
897    16    1
898    9    1
898    2    1
899    10    1
899    13    1
900    9    1
900    5    1
901    5    1
901    3    1
901    20    1
902    1    1
902    12    1
902    8    1
903    12    1
903    15    1
904    19    1
905    10    1
906    1    1
907    1    1
907    18    1
907    6    1
908    2    1
908    9    1
908    8    1
909    1    1
910    10    1
911    17    1
911    5    1
911    1    1
912    11    1
913    17    1
913    9    1
913    3    1
914    13    1
915    14    1
916    2    1
917    17    1
918    11    1
918    8    1
919    7    1
919    18    1
920    15    1
920    9    1
921    15    1
921    2    1
921    19    1
922    5    1
922    10    1
923    2    1
923    1    1
923    19    1
924    13    1
924    10    1
925    1    1
926    4    1
927    11    1
927    12    1
927    19    1
928    4    1
929    8    1
929    7    1
930    9    1
930    17    1
930    12    1
931    15    1
932    11    1
933    9    1
933    3    1
933    14    1
934    13    1
934    9    1
934    4    1
935    16    1
936    10    1
937    11    1
938    20    1
938    15    1
939    19    1
939    20    1
939    7    1
940    15    1
940    4    1
940    15    1
941    16    1
941    1    1
941    3    1
942    5    1
942    17    1
942    2    1
943    1    1
943    1    1
943    3    1
944    6    1
944    5    1
945    6    1
945    18    1
946    15    1
946    12    1
946    10    1
947    10    1
947    11    1
947    4    1
948    18    1
948    9    1
948    16    1
949    2    1
949    18    1
949    16    1
950    10    1
950    16    1
950    8    1
951    17    1
951    1    1
951    11    1
952    6    1
952    6    1
952    1    1
953    11    1
954    7    1
954    8    1
954    18    1
955    6    1
955    4    1
956    19    1
956    8    1
957    16    1
958    16    1
958    13    1
959    8    1
960    18    1
960    19    1
960    8    1
961    18    1
962    15    1
963    12    1
963    2    1
963    6    1
964    6    1
964    9    1
965    8    1
966    1    1
967    11    1
967    14    1
968    2    1
968    8    1
969    1    1
970    13    1
970    19    1
970    16    1
971    13    1
972    4    1
973    19    1
974    15    1
974    2    1
974    16    1
975    4    1
976    11    1
976    1    1
977    4    1
978    10    1
979    17    1
979    12    1
979    2    1
980    5    1
980    2    1
981    13    1
982    8    1
982    17    1
982    19    1
983    20    1
984    5    1
984    16    1
984    2    1
985    11    1
986    9    1
986    10    1
986    1    1
987    16    1
988    4    1
989    19    1
990    14    1
990    10    1
990    2    1
991    10    1
992    15    1
993    19    1
994    7    1
994    10    1
994    17    1
995    9    1
995    20    1
996    10    1
997    13    1
998    17    1
998    18    1
998    9    1
999    10    1
999    10    1
999    12    1
1000    16    1
1001    2    1
1001    14    1
1001    3    1
1002    2    1
1002    13    1
1002    5    1
1003    12    1
1003    7    1
1004    5    1
1004    4    1
1004    19    1
1005    1    1
1005    13    1
1005    5    1
1006    18    1
1006    4    1
1007    7    1
1007    16    1
1007    5    1
1008    14    1
1008    12    1
1008    16    1
1009    3    1
1009    18    1
1010    5    1
1011    1    1
1012    16    1
1012    5    1
1012    18    1
1013    20    1
1013    20    1
1013    4    1
1014    6    1
1014    3    1
1015    8    1
1016    9    1
1016    20    1
1017    6    1
1017    11    1
1017    8    1
1018    2    1
1018    7    1
1019    12    1
1019    14    1
1020    12    1
1020    18    1
1021    15    1
1022    11    1
1023    20    1
1023    8    1
1023    12    1
1024    5    1
1024    12    1
1025    16    1
1025    20    1
1026    12    1
1026    4    1
1026    12    1
1027    19    1
1027    18    1
1027    3    1
1028    20    1
1028    18    1
1029    14    1
1029    13    1
1029    6    1
1030    2    1
1030    10    1
1030    3    1
1031    10    1
1031    18    1
1031    2    1
1032    5    1
1033    16    1
1034    2    1
1035    3    1
1036    7    1
1037    18    1
1037    11    1
1037    20    1
1038    18    1
1038    1    1
1038    4    1
1039    20    1
1039    8    1
1040    9    1
1040    9    1
1040    17    1
1041    13    1
1041    18    1
1042    20    1
1042    10    1
1043    7    1
1043    2    1
1044    8    1
1044    11    1
1044    12    1
1045    4    1
1045    3    1
1045    6    1
1046    19    1
1046    6    1
1047    11    1
1048    12    1
1048    19    1
1048    16    1
1049    5    1
1049    3    1
1050    3    1
1050    12    1
1051    7    1
1051    14    1
1051    1    1
1052    4    1
1052    13    1
1053    4    1
1053    18    1
1053    19    1
1054    9    1
1054    18    1
1054    20    1
1055    5    1
1055    3    1
1055    17    1
1056    11    1
1057    11    1
1057    20    1
1058    12    1
1058    15    1
1059    1    1
1060    1    1
1060    6    1
1061    13    1
1062    11    1
1062    20    1
1063    20    1
1064    7    1
1064    1    1
1064    10    1
1065    14    1
1066    4    1
1066    20    1
1066    2    1
1067    18    1
1067    12    1
1067    1    1
1068    16    1
1068    4    1
1068    14    1
1069    3    1
1069    9    1
1070    7    1
1070    1    1
1071    20    1
1072    10    1
1072    6    1
1073    12    1
1073    8    1
1073    4    1
1074    14    1
1074    12    1
1075    5    1
1075    17    1
1076    7    1
1077    18    1
1078    7    1
1078    18    1
1078    1    1
1079    8    1
1080    4    1
1080    8    1
1081    4    1
1082    7    1
1082    6    1
1082    1    1
1083    16    1
1083    7    1
1084    18    1
1084    5    1
1085    17    1
1085    13    1
1086    10    1
1087    5    1
1087    3    1
1087    11    1
1088    8    1
1088    2    1
1088    19    1
1089    17    1
1090    13    1
1090    1    1
1091    6    1
1091    13    1
1091    4    1
1092    16    1
1092    8    1
1093    19    1
1093    7    1
1094    17    1
1094    9    1
1094    7    1
1095    1    1
1096    7    1
1096    18    1
1097    6    1
1097    1    1
1098    6    1
1098    2    1
1099    14    1
1099    10    1
1099    7    1
1100    1    1
1101    2    1
1102    18    1
1103    4    1
1104    16    1
1104    10    1
1105    10    1
1105    18    1
1106    10    1
1107    19    1
1108    11    1
1108    10    1
1108    12    1
1109    9    1
1110    1    1
1111    8    1
1111    8    1
1112    11    1
1112    19    1
1112    3    1
1113    17    1
1113    12    1
1113    9    1
1114    14    1
1115    4    1
1115    3    1
1115    9    1
1116    8    1
1116    4    1
1116    18    1
1117    4    1
1117    6    1
1118    3    1
1118    10    1
1118    17    1
1119    18    1
1119    6    1
1120    20    1
1121    16    1
1121    15    1
1121    17    1
1122    13    1
1122    20    1
1123    2    1
1123    8    1
1124    19    1
1124    3    1
1124    7    1
1125    20    1
1126    4    1
1127    18    1
1127    12    1
1128    19    1
1129    2    1
1129    11    1
1129    8    1
1130    5    1
1130    12    1
1131    16    1
1131    13    1
1132    18    1
1132    5    1
1133    4    1
1133    13    1
1133    15    1
1134    5    1
1135    7    1
1135    10    1
1136    10    1
1137    20    1
1138    20    1
1138    17    1
1138    12    1
1139    16    1
1139    6    1
1139    16    1
1140    11    1
1140    1    1
1141    20    1
1141    11    1
1141    5    1
1142    3    1
1143    19    1
1144    19    1
1144    3    1
1144    1    1
1145    17    1
1145    18    1
1146    17    1
1146    13    1
1147    12    1
1148    20    1
1149    16    1
1149    3    1
1150    1    1
1150    14    1
1150    17    1
1151    16    1
1151    3    1
1152    11    1
1153    3    1
1153    6    1
1154    7    1
1155    12    1
1155    19    1
1155    17    1
1156    17    1
1157    16    1
1157    14    1
1158    19    1
1159    14    1
1160    15    1
1160    8    1
1161    6    1
1161    4    1
1162    20    1
1163    8    1
1163    14    1
1163    19    1
1164    4    1
1165    11    1
1165    5    1
1165    3    1
1166    2    1
1167    8    1
1168    7    1
1169    10    1
1169    18    1
1170    4    1
1171    13    1
1171    13    1
1172    2    1
1172    2    1
1173    19    1
1173    15    1
1174    16    1
1174    14    1
1175    6    1
1176    1    1
1176    4    1
1176    3    1
1177    9    1
1177    14    1
1178    17    1
1179    13    1
1179    20    1
1179    3    1
1180    4    1
1180    7    1
1181    18    1
1181    10    1
1181    20    1
1182    16    1
1182    5    1
1183    14    1
1184    16    1
1185    19    1
1185    9    1
1186    5    1
1186    20    1
1186    17    1
1187    2    1
1188    10    1
1188    13    1
1188    10    1
1189    15    1
1190    8    1
1191    13    1
1192    8    1
1192    2    1
1193    7    1
1193    5    1
1194    10    1
1194    17    1
1194    6    1
1195    14    1
1195    2    1
1196    15    1
1197    2    1
1197    17    1
1197    17    1
1198    11    1
1198    7    1
1199    20    1
1200    4    1
1200    13    1
1200    15    1
1201    2    1
1202    13    1
1203    5    1
1203    9    1
1204    10    1
1204    4    1
1205    17    1
1205    12    1
1205    15    1
1206    12    1
1207    11    1
1207    7    1
1208    18    1
1208    18    1
1208    20    1
1209    8    1
1209    7    1
1210    12    1
1210    7    1
1211    7    1
1211    4    1
1211    16    1
1212    3    1
1212    3    1
1212    5    1
1213    16    1
1213    20    1
1213    11    1
1214    16    1
1215    12    1
1215    9    1
1215    14    1
1216    14    1
1216    10    1
1216    19    1
1217    15    1
1218    1    1
1218    10    1
1218    4    1
1219    13    1
1220    15    1
1221    3    1
1221    12    1
1221    6    1
1222    13    1
1222    17    1
1223    6    1
1223    12    1
1224    8    1
1224    14    1
1225    12    1
1225    14    1
1226    14    1
1226    1    1
1227    2    1
1228    6    1
1228    13    1
1228    7    1
1229    10    1
1230    18    1
1231    8    1
1232    7    1
1232    11    1
1232    13    1
1233    14    1
1234    9    1
1234    1    1
1235    2    1
1235    5    1
1235    6    1
1236    18    1
1236    3    1
1236    10    1
1237    12    1
1237    2    1
1237    14    1
1238    7    1
1239    17    1
1239    19    1
1240    3    1
1240    1    1
1241    12    1
1241    6    1
1241    18    1
1242    3    1
1243    8    1
1243    3    1
1243    13    1
1244    15    1
1244    10    1
1245    10    1
1245    7    1
1246    3    1
1246    1    1
1246    10    1
1247    17    1
1247    12    1
1247    7    1
1248    19    1
1248    17    1
1248    3    1
1249    17    1
1250    7    1
1250    14    1
1251    15    1
1251    15    1
1251    8    1
1252    13    1
1253    10    1
1254    5    1
1255    1    1
1256    7    1
1257    18    1
1257    4    1
1257    3    1
1258    3    1
1258    12    1
1259    19    1
1259    5    1
1260    10    1
1261    20    1
1261    4    1
1261    13    1
1262    1    1
1262    17    1
1263    5    1
1264    2    1
1265    11    1
1266    2    1
1266    2    1
1266    13    1
1267    1    1
1267    8    1
1267    2    1
1268    13    1
1269    7    1
1269    9    1
1269    10    1
1270    20    1
1270    15    1
1270    11    1
1271    5    1
1272    4    1
1272    3    1
1272    17    1
1273    14    1
1273    9    1
1273    3    1
1274    5    1
1274    2    1
1275    20    1
1276    9    1
1276    2    1
1277    11    1
1278    14    1
1278    8    1
1278    15    1
1279    7    1
1279    3    1
1279    1    1
1280    12    1
1281    13    1
1281    17    1
1281    20    1
1282    19    1
1282    20    1
1283    12    1
1284    4    1
1284    2    1
1284    20    1
1285    1    1
1285    4    1
1286    14    1
1286    15    1
1287    11    1
1287    14    1
1287    13    1
1288    19    1
1288    15    1
1288    19    1
1289    5    1
1289    12    1
1290    17    1
1290    5    1
1291    19    1
1292    7    1
1292    2    1
1293    3    1
1294    5    1
1295    9    1
1295    15    1
1295    3    1
1296    14    1
1296    3    1
1297    16    1
1298    17    1
1298    13    1
1299    16    1
1299    9    1
1299    12    1
1300    4    1
1301    14    1
1302    20    1
1302    15    1
1302    3    1
1303    20    1
1303    16    1
1304    19    1
1305    2    1
1305    10    1
1305    14    1
1306    11    1
1306    4    1
1307    10    1
1307    2    1
1308    3    1
1309    5    1
1310    18    1
1310    6    1
1310    7    1
1311    1    1
1312    13    1
1312    20    1
1313    4    1
1314    16    1
1314    6    1
1315    13    1
1315    11    1
1316    2    1
1317    20    1
1318    7    1
1318    1    1
1318    14    1
1319    5    1
1320    5    1
1320    4    1
1321    11    1
1322    4    1
1322    1    1
1323    1    1
1324    20    1
1324    2    1
1325    19    1
1325    3    1
1326    19    1
1327    11    1
1327    9    1
1327    1    1
1328    18    1
1328    8    1
1328    14    1
1329    3    1
1330    12    1
1330    4    1
1330    8    1
1331    15    1
1331    13    1
1331    15    1
1332    13    1
1332    15    1
1333    10    1
1333    11    1
1334    6    1
1334    1    1
1334    9    1
1335    17    1
1335    9    1
1335    9    1
1336    12    1
1337    11    1
1338    15    1
1338    2    1
1339    15    1
1340    1    1
1341    18    1
1341    10    1
1341    16    1
1342    15    1
1343    10    1
1343    11    1
1344    2    1
1344    2    1
1345    13    1
1345    7    1
1346    7    1
1347    20    1
1347    19    1
1347    3    1
1348    4    1
1348    20    1
1348    8    1
1349    7    1
1350    17    1
1351    1    1
1351    6    1
1351    17    1
1352    1    1
1353    19    1
1354    12    1
1354    18    1
1355    1    1
1355    13    1
1356    14    1
1356    14    1
1357    19    1
1357    13    1
1357    14    1
1358    6    1
1358    7    1
1359    3    1
1359    12    1
1360    2    1
1361    6    1
1361    5    1
1361    10    1
1362    15    1
1363    19    1
1364    12    1
1364    18    1
1365    18    1
1365    10    1
1365    11    1
1366    16    1
1367    10    1
1367    8    1
1368    5    1
1369    2    1
1370    5    1
1370    17    1
1371    7    1
1371    5    1
1372    13    1
1372    5    1
1372    9    1
1373    6    1
1373    8    1
1374    15    1
1374    14    1
1375    19    1
1376    1    1
1377    2    1
1378    19    1
1378    1    1
1378    6    1
1379    5    1
1379    15    1
1379    11    1
1380    10    1
1380    15    1
1380    15    1
1381    12    1
1382    5    1
1383    2    1
1383    18    1
1384    1    1
1384    19    1
1384    1    1
1385    12    1
1385    7    1
1385    10    1
1386    4    1
1386    7    1
1387    5    1
1387    13    1
1388    3    1
1388    11    1
1389    6    1
1389    19    1
1390    16    1
1390    9    1
1391    9    1
1391    2    1
1392    8    1
1392    14    1
1392    11    1
1393    3    1
1393    17    1
1394    11    1
1395    11    1
1395    11    1
1395    6    1
1396    16    1
1396    2    1
1396    7    1
1397    20    1
1397    9    1
1398    2    1
1398    14    1
1399    15    1
1400    1    1
1400    14    1
1401    3    1
1401    17    1
1402    11    1
1402    7    1
1402    9    1
1403    19    1
1403    10    1
1403    5    1
1404    19    1
1404    15    1
1405    20    1
1405    4    1
1406    11    1
1407    7    1
1408    8    1
1408    10    1
1408    13    1
1409    10    1
1410    12    1
1411    4    1
1411    18    1
1412    4    1
1412    4    1
1412    19    1
1413    16    1
1414    15    1
1415    7    1
1415    17    1
1416    10    1
1416    2    1
1417    11    1
1417    10    1
1417    3    1
1418    4    1
1419    2    1
1419    18    1
1420    11    1
1421    19    1
1421    14    1
1421    4    1
1422    10    1
1422    9    1
1422    6    1
1423    6    1
1423    20    1
1423    18    1
1424    10    1
1425    16    1
1425    7    1
1425    3    1
1426    8    1
1426    12    1
1427    19    1
1428    17    1
1428    8    1
1429    8    1
1430    10    1
1430    4    1
1431    15    1
1432    16    1
1433    18    1
1434    11    1
1434    1    1
1434    3    1
1435    1    1
1436    1    1
1437    3    1
1437    9    1
1438    13    1
1438    15    1
1438    6    1
1439    17    1
1439    20    1
1440    6    1
1441    4    1
1441    3    1
1442    9    1
1442    10    1
1442    6    1
1443    17    1
1444    16    1
1445    6    1
1445    15    1
1445    16    1
1446    12    1
1446    19    1
1446    11    1
1447    11    1
1447    19    1
1448    15    1
1448    9    1
1449    15    1
1449    16    1
1449    13    1
1450    10    1
1451    5    1
1451    2    1
1452    5    1
1452    4    1
1453    11    1
1453    20    1
1453    19    1
1454    9    1
1454    2    1
1455    10    1
1456    3    1
1456    18    1
1456    15    1
1457    14    1
1457    6    1
1457    11    1
1458    14    1
1458    6    1
1458    4    1
1459    10    1
1460    14    1
1461    16    1
1461    8    1
1461    13    1
1462    18    1
1462    14    1
1463    16    1
1463    15    1
1463    2    1
1464    11    1
1465    20    1
1465    12    1
1465    4    1
1466    2    1
1466    16    1
1467    17    1
1468    13    1
1468    1    1
1468    16    1
1469    1    1
1470    7    1
1471    4    1
1472    1    1
1472    13    1
1472    3    1
1473    4    1
1473    15    1
1474    4    1
1474    3    1
1474    15    1
1475    1    1
1475    16    1
1475    13    1
1476    9    1
1476    2    1
1477    16    1
1478    17    1
1478    1    1
1479    17    1
1480    19    1
1480    11    1
1480    9    1
1481    16    1
1481    2    1
1482    12    1
1482    20    1
1482    19    1
1483    14    1
1483    15    1
1484    9    1
1485    5    1
1485    13    1
1485    12    1
1486    3    1
1486    6    1
1487    3    1
1487    15    1
1488    11    1
1488    15    1
1489    5    1
1489    16    1
1489    14    1
1490    9    1
1490    15    1
1491    12    1
1492    18    1
1493    13    1
1494    16    1
1495    9    1
1496    5    1
1496    15    1
1496    14    1
1497    6    1
1497    20    1
1497    11    1
1498    16    1
1498    6    1
1499    16    1
1500    6    1
1500    4    1
1500    16    1
1501    9    1
1501    7    1
1501    2    1
1502    15    1
1502    19    1
1502    13    1
1503    5    1
1504    11    1
1504    20    1
1504    11    1
1505    12    1
1505    18    1
1505    7    1
1506    13    1
1506    3    1
1506    6    1
1507    16    1
1507    1    1
1508    7    1
1508    6    1
1509    14    1
1510    5    1
1510    15    1
1511    12    1
1512    9    1
1512    4    1
1513    8    1
1513    12    1
1513    18    1
1514    8    1
1514    8    1
1514    3    1
1515    2    1
1515    15    1
1516    10    1
1516    2    1
1516    12    1
1517    19    1
1518    6    1
1518    16    1
1518    15    1
1519    10    1
1519    5    1
1519    12    1
1520    13    1
1520    20    1
1520    12    1
1521    2    1
1521    6    1
1522    3    1
1522    6    1
1523    15    1
1523    5    1
1523    14    1
1524    4    1
1524    1    1
1525    20    1
1525    11    1
1525    17    1
1526    13    1
1526    20    1
1526    11    1
1527    13    1
1527    2    1
1527    13    1
1528    15    1
1529    16    1
1530    1    1
1530    4    1
1530    20    1
1531    18    1
1531    6    1
1531    12    1
1532    1    1
1533    10    1
1534    18    1
1535    15    1
1535    20    1
1535    2    1
1536    20    1
1536    9    1
1537    2    1
1537    5    1
1537    15    1
1538    12    1
1538    17    1
1538    11    1
1539    3    1
1539    11    1
1539    4    1
1540    15    1
1541    13    1
1541    11    1
1541    9    1
1542    10    1
1542    1    1
1543    10    1
1544    13    1
1545    4    1
1545    4    1
1546    15    1
1546    2    1
1547    16    1
1547    6    1
1548    12    1
1548    10    1
1548    4    1
1549    14    1
1550    7    1
1550    8    1
1551    6    1
1552    8    1
1552    14    1
1553    2    1
1554    19    1
1554    4    1
1555    5    1
1555    13    1
1555    6    1
1556    7    1
1557    5    1
1557    13    1
1558    11    1
1558    4    1
1559    5    1
1560    6    1
1561    12    1
1561    17    1
1562    13    1
1562    14    1
1563    15    1
1563    19    1
1564    9    1
1564    2    1
1565    20    1
1565    12    1
1566    20    1
1566    19    1
1567    15    1
1567    5    1
1568    14    1
1568    15    1
1569    9    1
1569    15    1
1570    3    1
1571    5    1
1571    3    1
1571    4    1
1572    10    1
1572    2    1
1572    12    1
1573    16    1
1574    12    1
1574    6    1
1575    3    1
1575    11    1
1576    7    1
1576    11    1
1577    8    1
1578    16    1
1578    7    1
1578    16    1
1579    14    1
1579    14    1
1579    17    1
1580    19    1
1581    6    1
1581    1    1
1582    15    1
1582    14    1
1583    10    1
1583    10    1
1584    11    1
1585    19    1
1585    15    1
1586    12    1
1586    15    1
1586    17    1
1587    18    1
1587    2    1
1588    6    1
1589    18    1
1589    14    1
1589    14    1
1590    8    1
1590    19    1
1591    19    1
1592    9    1
1592    13    1
1593    7    1
1593    3    1
1594    8    1
1595    15    1
1595    14    1
1596    20    1
1597    2    1
1598    20    1
1598    19    1
1598    3    1
1599    17    1
1599    15    1
1600    13    1
1601    11    1
1601    5    1
1602    13    1
1603    13    1
1603    7    1
1603    1    1
1604    4    1
1605    17    1
1605    16    1
1605    20    1
1606    13    1
1607    18    1
1608    4    1
1608    10    1
1608    16    1
1609    14    1
1609    9    1
1610    11    1
1611    8    1
1611    15    1
1611    19    1
1612    15    1
1613    8    1
1614    5    1
1614    19    1
1615    16    1
1616    3    1
1616    7    1
1616    6    1
1617    20    1
1618    18    1
1618    15    1
1619    20    1
1620    13    1
1620    10    1
1621    16    1
1622    2    1
1623    1    1
1623    2    1
1623    19    1
1624    1    1
1624    16    1
1625    11    1
1626    17    1
1626    14    1
1627    11    1
1628    17    1
1629    19    1
1629    1    1
1629    19    1
1630    20    1
1631    2    1
1632    13    1
1632    15    1
1633    11    1
1634    8    1
1634    10    1
1635    8    1
1635    11    1
1635    5    1
1636    2    1
1636    14    1
1637    5    1
1637    4    1
1638    9    1
1639    7    1
1639    10    1
1639    5    1
1640    7    1
1641    12    1
1641    1    1
1642    5    1
1643    5    1
1643    16    1
1643    10    1
1644    10    1
1644    13    1
1644    16    1
1645    12    1
1645    13    1
1645    16    1
1646    3    1
1646    13    1
1646    8    1
1647    20    1
1648    6    1
1648    9    1
1648    9    1
1649    18    1
1649    10    1
1650    18    1
1650    18    1
1650    16    1
1651    9    1
1651    18    1
1652    1    1
1652    9    1
1652    14    1
1653    20    1
1654    16    1
1655    17    1
1655    10    1
1656    13    1
1656    20    1
1656    2    1
1657    19    1
1657    11    1
1657    18    1
1658    13    1
1658    13    1
1658    15    1
1659    12    1
1659    13    1
1660    4    1
1661    9    1
1662    20    1
1663    17    1
1663    11    1
1664    12    1
1664    12    1
1665    9    1
1666    17    1
1666    17    1
1667    7    1
1667    4    1
1667    19    1
1668    8    1
1669    11    1
1670    18    1
1670    16    1
1670    16    1
1671    11    1
1671    12    1
1672    13    1
1673    4    1
1674    11    1
1674    1    1
1674    5    1
1675    17    1
1675    15    1
1675    2    1
1676    11    1
1676    8    1
1677    16    1
1678    17    1
1679    16    1
1680    3    1
1681    10    1
1681    4    1
1682    13    1
1682    12    1
1682    9    1
1683    2    1
1683    8    1
1684    20    1
1684    12    1
1684    16    1
1685    20    1
1686    3    1
1687    12    1
1688    9    1
1688    12    1
1688    19    1
1689    20    1
1689    11    1
1690    1    1
1690    20    1
1691    7    1
1692    6    1
1692    8    1
1692    17    1
1693    7    1
1693    14    1
1693    3    1
1694    18    1
1694    7    1
1694    16    1
1695    12    1
1696    3    1
1696    6    1
1697    5    1
1697    5    1
1697    4    1
1698    7    1
1699    5    1
1699    19    1
1699    11    1
1700    17    1
1700    19    1
1701    17    1
1701    1    1
1702    20    1
1702    5    1
1703    18    1
1703    1    1
1703    4    1
1704    17    1
1705    9    1
1706    16    1
1706    15    1
1706    8    1
1707    12    1
1707    5    1
1707    12    1
1708    2    1
1708    19    1
1708    5    1
1709    15    1
1709    18    1
1710    9    1
1711    19    1
1711    2    1
1712    2    1
1712    16    1
1712    17    1
1713    17    1
1713    2    1
1713    18    1
1714    11    1
1714    19    1
1715    8    1
1715    8    1
1716    7    1
1716    8    1
1717    11    1
1717    2    1
1718    16    1
1719    12    1
1719    12    1
1719    11    1
1720    12    1
1721    9    1
1722    19    1
1722    18    1
1722    18    1
1723    12    1
1723    1    1
1723    7    1
1724    2    1
1725    6    1
1725    8    1
1725    16    1
1726    9    1
1726    7    1
1726    2    1
1727    14    1
1728    4    1
1729    8    1
1730    5    1
1730    14    1
1731    2    1
1731    12    1
1731    20    1
1732    15    1
1732    19    1
1733    3    1
1733    19    1
1733    18    1
1734    12    1
1734    7    1
1735    5    1
1735    2    1
1735    2    1
1736    19    1
1736    12    1
1737    10    1
1737    11    1
1738    17    1
1738    12    1
1738    16    1
1739    19    1
1740    16    1
1740    10    1
1741    8    1
1742    8    1
1742    19    1
1743    17    1
1744    9    1
1744    8    1
1745    4    1
1745    11    1
1746    11    1
1746    3    1
1747    20    1
1747    10    1
1748    3    1
1748    15    1
1748    7    1
1749    10    1
1750    12    1
1750    17    1
1750    17    1
1751    20    1
1752    14    1
1752    17    1
1753    3    1
1754    2    1
1754    2    1
1755    18    1
1756    15    1
1757    20    1
1757    10    1
1757    11    1
1758    19    1
1758    5    1
1759    14    1
1759    1    1
1759    14    1
1760    3    1
1761    7    1
1762    9    1
1763    14    1
1764    18    1
1764    8    1
1765    17    1
1765    17    1
1766    17    1
1767    10    1
1767    13    1
1768    6    1
1768    2    1
1768    8    1
1769    10    1
1770    12    1
1770    19    1
1770    18    1
1771    19    1
1771    18    1
1772    20    1
1772    1    1
1773    9    1
1774    17    1
1774    15    1
1774    10    1
1775    19    1
1775    12    1
1775    18    1
1776    19    1
1777    17    1
1777    3    1
1778    6    1
1778    18    1
1779    6    1
1779    18    1
1780    13    1
1780    20    1
1780    10    1
1781    16    1
1781    9    1
1782    4    1
1782    6    1
1782    19    1
1783    11    1
1783    15    1
1784    2    1
1784    3    1
1784    16    1
1785    3    1
1786    18    1
1787    9    1
1787    16    1
1787    7    1
1788    7    1
1789    1    1
1789    18    1
1790    17    1
1791    15    1
1791    17    1
1791    11    1
1792    13    1
1792    17    1
1793    19    1
1794    20    1
1794    16    1
1794    8    1
1795    11    1
1795    4    1
1795    6    1
1796    20    1
1796    13    1
1797    14    1
1797    20    1
1797    20    1
1798    12    1
1799    10    1
1800    13    1
1800    6    1
1801    19    1
1801    1    1
1801    2    1
1802    3    1
1802    3    1
1803    20    1
1804    17    1
1805    3    1
1805    7    1
1805    19    1
1806    13    1
1806    12    1
1807    9    1
1807    12    1
1807    8    1
1808    9    1
1809    13    1
1809    8    1
1810    10    1
1810    4    1
1810    19    1
1811    17    1
1811    14    1
1812    19    1
1813    9    1
1813    17    1
1813    19    1
1814    17    1
1814    16    1
1815    10    1
1815    13    1
1815    5    1
1816    1    1
1816    14    1
1816    14    1
1817    20    1
1817    6    1
1818    16    1
1819    3    1
1820    2    1
1820    19    1
1821    7    1
1821    13    1
1822    13    1
1822    7    1
1823    8    1
1823    1    1
1824    7    1
1825    3    1
1825    19    1
1826    16    1
1826    17    1
1827    8    1
1827    14    1
1827    4    1
1828    13    1
1828    18    1
1829    2    1
1829    17    1
1830    19    1
1830    18    1
1831    3    1
1831    15    1
1831    6    1
1832    13    1
1832    2    1
1833    11    1
1833    18    1
1834    20    1
1834    7    1
1835    2    1
1835    18    1
1836    15    1
1836    8    1
1837    14    1
1838    18    1
1838    4    1
1839    13    1
1839    18    1
1840    11    1
1841    8    1
1842    2    1
1843    12    1
1843    12    1
1844    3    1
1844    14    1
1844    2    1
1845    3    1
1846    20    1
1846    3    1
1847    4    1
1847    2    1
1848    18    1
1848    17    1
1849    4    1
1850    19    1
1850    11    1
1851    10    1
1852    16    1
1853    6    1
1853    2    1
1853    14    1
1854    14    1
1854    19    1
1855    9    1
1856    3    1
1856    3    1
1856    20    1
1857    9    1
1858    4    1
1859    3    1
1859    20    1
1860    12    1
1860    12    1
1860    1    1
1861    1    1
1861    17    1
1861    10    1
1862    1    1
1862    3    1
1862    4    1
1863    15    1
1864    7    1
1864    17    1
1865    9    1
1865    2    1
1866    8    1
1866    16    1
1867    3    1
1867    4    1
1867    3    1
1868    16    1
1868    2    1
1868    17    1
1869    6    1
1870    1    1
1870    3    1
1871    4    1
1872    8    1
1873    20    1
1874    13    1
1875    18    1
1875    12    1
1875    17    1
1876    1    1
1876    15    1
1876    10    1
1877    7    1
1878    6    1
1878    12    1
1879    12    1
1879    6    1
1880    13    1
1881    6    1
1881    13    1
1882    3    1
1882    5    1
1882    4    1
1883    11    1
1883    7    1
1883    19    1
1884    10    1
1885    10    1
1885    2    1
1885    9    1
1886    13    1
1886    8    1
1886    2    1
1887    8    1
1887    12    1
1887    17    1
1888    18    1
1888    1    1
1889    17    1
1889    2    1
1889    19    1
1890    15    1
1890    6    1
1890    14    1
1891    20    1
1891    15    1
1892    15    1
1892    9    1
1892    7    1
1893    14    1
1893    3    1
1894    14    1
1895    10    1
1895    20    1
1895    11    1
1896    15    1
1897    20    1
1898    15    1
1898    5    1
1898    6    1
1899    20    1
1899    19    1
1900    9    1
1900    6    1
1900    18    1
1901    16    1
1901    8    1
1902    8    1
1903    15    1
1903    6    1
1903    15    1
1904    9    1
1904    14    1
1905    18    1
1905    19    1
1906    4    1
1906    20    1
1906    2    1
1907    14    1
1907    18    1
1908    16    1
1908    9    1
1909    6    1
1909    19    1
1910    1    1
1911    11    1
1912    14    1
1912    20    1
1912    17    1
1913    12    1
1913    12    1
1914    9    1
1915    11    1
1915    13    1
1915    8    1
1916    15    1
1916    16    1
1917    16    1
1917    20    1
1917    1    1
1918    19    1
1918    1    1
1919    2    1
1920    9    1
1920    12    1
1920    4    1
1921    13    1
1922    15    1
1923    14    1
1923    3    1
1924    9    1
1924    13    1
1924    14    1
1925    15    1
1925    3    1
1925    17    1
1926    12    1
1926    3    1
1926    5    1
1927    4    1
1927    17    1
1928    14    1
1928    8    1
1928    5    1
1929    11    1
1930    11    1
1930    6    1
1931    4    1
1931    20    1
1932    9    1
1932    10    1
1933    8    1
1934    8    1
1934    4    1
1935    6    1
1935    3    1
1935    20    1
1936    16    1
1936    5    1
1937    8    1
1938    20    1
1938    10    1
1939    5    1
1940    6    1
1941    8    1
1941    11    1
1942    1    1
1943    18    1
1943    7    1
1943    2    1
1944    19    1
1944    11    1
1944    18    1
1945    18    1
1945    5    1
1945    10    1
1946    13    1
1946    10    1
1947    11    1
1948    6    1
1949    16    1
1949    1    1
1950    7    1
1950    9    1
1951    1    1
1951    3    1
1951    13    1
1952    8    1
1952    9    1
1952    13    1
1953    5    1
1953    5    1
1954    2    1
1954    9    1
1955    11    1
1955    2    1
1955    17    1
1956    15    1
1957    2    1
1957    20    1
1957    12    1
1958    6    1
1958    9    1
1958    12    1
1959    1    1
1959    2    1
1959    7    1
1960    11    1
1961    7    1
1961    8    1
1961    15    1
1962    9    1
1963    16    1
1964    8    1
1964    15    1
1964    13    1
1965    11    1
1965    11    1
1965    15    1
1966    10    1
1967    11    1
1967    18    1
1968    10    1
1969    5    1
1969    18    1
1970    6    1
1971    4    1
1972    16    1
1972    2    1
1972    2    1
1973    6    1
1973    5    1
1974    15    1
1974    1    1
1975    1    1
1976    16    1
1977    3    1
1977    9    1
1978    16    1
1978    10    1
1979    20    1
1979    2    1
1979    16    1
1980    12    1
1980    10    1
1980    16    1
1981    1    1
1982    14    1
1983    12    1
1983    18    1
1984    14    1
1985    9    1
1986    14    1
1986    8    1
1986    17    1
1987    14    1
1987    11    1
1988    13    1
1988    5    1
1988    10    1
1989    17    1
1990    18    1
1991    8    1
1992    18    1
1993    11    1
1993    9    1
1994    7    1
1995    1    1
1995    12    1
1995    11    1
1996    12    1
1997    18    1
1997    15    1
1997    11    1
1998    20    1
1998    6    1
1999    14    1
1999    14    1
1999    9    1
2000    8    1
2000    8    1
2000    17    1
2001    17    1
2002    20    1
2003    5    1
2003    17    1
2003    11    1
2004    6    1
2005    16    1
2006    19    1
2007    15    1
2008    5    1
2008    15    1
2008    4    1
2009    20    1
2010    12    1
2011    7    1
2012    4    1
2012    11    1
2012    5    1
2013    1    1
2013    17    1
2013    19    1
2014    13    1
2015    2    1
2015    16    1
2015    17    1
2016    10    1
2017    15    1
2017    20    1
2017    1    1
2018    17    1
2019    3    1
2019    7    1
2019    11    1
2020    6    1
2021    12    1
2022    15    1
2022    11    1
2023    1    1
2024    3    1
2025    4    1
2025    12    1
2025    9    1
2026    20    1
2026    17    1
2027    1    1
2027    13    1
2027    17    1
2028    12    1
2028    7    1
2028    1    1
2029    7    1
2029    17    1
2029    9    1
2030    4    1
2030    2    1
2030    20    1
2031    5    1
2032    8    1
2032    7    1
2033    11    1
2033    14    1
2033    18    1
2034    14    1
2034    13    1
2035    14    1
2035    14    1
2036    3    1
2036    14    1
2036    18    1
2037    1    1
2037    10    1
2037    19    1
2038    1    1
2038    17    1
2038    12    1
2039    17    1
2039    4    1
2040    9    1
2041    9    1
2041    16    1
2041    3    1
2042    1    1
2042    6    1
2043    8    1
2043    5    1
2044    12    1
2044    1    1
2045    8    1
2046    9    1
2047    17    1
2047    13    1
2048    15    1
2049    11    1
2049    16    1
2050    10    1
2050    19    1
2050    18    1
2051    18    1
2051    7    1
2051    19    1
2052    19    1
2053    12    1
2053    7    1
2054    9    1
2054    18    1
2054    13    1
2055    10    1
2055    2    1
2055    18    1
2056    2    1
2056    19    1
2057    13    1
2057    19    1
2057    6    1
2058    4    1
2058    6    1
2059    12    1
2059    20    1
2059    19    1
2060    4    1
2061    6    1
2061    15    1
2061    12    1
2062    4    1
2063    11    1
2063    2    1
2064    11    1
2065    12    1
2065    9    1
2065    18    1
2066    4    1
2067    9    1
2067    19    1
2067    14    1
2068    7    1
2068    15    1
2068    4    1
2069    6    1
2069    6    1
2070    3    1
2070    18    1
2071    5    1
2071    11    1
2072    15    1
2073    6    1
2073    7    1
2073    13    1
2074    19    1
2074    13    1
2074    6    1
2075    1    1
2075    6    1
2075    9    1
2076    12    1
2077    12    1
2077    9    1
2077    17    1
2078    12    1
2078    12    1
2078    8    1
2079    8    1
2079    13    1
2079    10    1
2080    7    1
2080    6    1
2080    10    1
2081    2    1
2082    4    1
2082    4    1
2082    20    1
2083    20    1
2083    3    1
2084    20    1
2084    13    1
2084    3    1
2085    18    1
2085    4    1
2086    6    1
2086    14    1
2087    9    1
2088    10    1
2089    4    1
2089    19    1
2090    4    1
2091    19    1
2091    15    1
2091    1    1
2092    19    1
2093    9    1
2093    2    1
2093    7    1
2094    11    1
2095    3    1
2095    8    1
2096    9    1
2096    13    1
2096    20    1
2097    12    1
2097    17    1
2098    13    1
2099    8    1
2099    14    1
2100    10    1
2101    4    1
2101    18    1
2102    16    1
2103    13    1
2104    4    1
2104    1    1
2105    11    1
2106    19    1
2106    18    1
2107    17    1
2107    5    1
2107    12    1
2108    15    1
2109    17    1
2109    7    1
2109    16    1
2110    1    1
2111    20    1
2112    19    1
2112    19    1
2113    1    1
2113    10    1
2113    17    1
2114    5    1
2114    11    1
2115    12    1
2116    18    1
2117    12    1
2118    11    1
2118    13    1
2118    15    1
2119    1    1
2119    16    1
2119    8    1
2120    14    1
2120    11    1
2121    1    1
2122    15    1
2122    1    1
2123    5    1
2124    9    1
2124    8    1
2124    19    1
2125    12    1
2125    18    1
2126    9    1
2126    14    1
2127    18    1
2127    14    1
2127    19    1
2128    18    1
2129    15    1
2130    1    1
2131    11    1
2132    1    1
2133    4    1
2134    13    1
2134    14    1
2134    1    1
2135    13    1
2135    12    1
2135    1    1
2136    17    1
2136    7    1
2137    17    1
2137    14    1
2138    5    1
2139    15    1
2139    3    1
2140    5    1
2140    9    1
2140    9    1
2141    18    1
2142    9    1
2143    18    1
2143    18    1
2144    10    1
2145    10    1
2145    1    1
2146    5    1
2146    20    1
2147    16    1
2147    20    1
2147    13    1
2148    19    1
2148    5    1
2148    11    1
2149    19    1
2150    7    1
2150    7    1
2150    2    1
2151    20    1
2151    5    1
2151    8    1
2152    6    1
2152    1    1
2153    5    1
2154    18    1
2154    11    1
2155    2    1
2155    16    1
2155    20    1
2156    10    1
2157    8    1
2158    11    1
2159    15    1
2159    10    1
2159    2    1
2160    2    1
2160    15    1
2160    2    1
2161    4    1
2161    20    1
2162    4    1
2163    15    1
2163    1    1
2164    5    1
2165    3    1
2165    9    1
2165    3    1
2166    7    1
2166    9    1
2167    12    1
2167    12    1
2168    16    1
2169    11    1
2169    9    1
2170    16    1
2170    7    1
2171    11    1
2171    1    1
2171    10    1
2172    10    1
2172    17    1
2173    7    1
2173    7    1
2174    17    1
2175    2    1
2175    1    1
2175    12    1
2176    10    1
2176    16    1
2177    19    1
2177    13    1
2178    17    1
2179    9    1
2180    14    1
2180    9    1
2181    13    1
2181    18    1
2181    17    1
2182    7    1
2182    17    1
2183    14    1
2183    11    1
2183    8    1
2184    5    1
2184    7    1
2185    2    1
2186    4    1
2186    6    1
2186    4    1
2187    8    1
2187    8    1
2188    3    1
2189    10    1
2189    9    1
2189    14    1
2190    10    1
2190    20    1
2191    15    1
2191    12    1
2192    10    1
2192    6    1
2192    14    1
2193    3    1
2193    18    1
2194    7    1
2195    2    1
2195    7    1
2195    15    1
2196    5    1
2197    15    1
2198    3    1
2198    20    1
2199    10    1
2200    7    1
2200    12    1
2200    17    1
2201    20    1
2201    11    1
2201    17    1
2202    3    1
2202    19    1
2202    9    1
2203    13    1
2203    7    1
2203    2    1
2204    9    1
2204    7    1
2205    15    1
2205    2    1
2206    16    1
2207    10    1
2207    7    1
2207    1    1
2208    5    1
2208    1    1
2208    20    1
2209    1    1
2210    19    1
2211    18    1
2211    8    1
2212    19    1
2212    10    1
2212    14    1
2213    12    1
2213    7    1
2214    7    1
2215    6    1
2216    9    1
2216    13    1
2216    18    1
2217    10    1
2217    9    1
2218    13    1
2218    20    1
2219    6    1
2219    16    1
2220    18    1
2220    10    1
2221    5    1
2221    8    1
2221    4    1
2222    15    1
2223    5    1
2224    6    1
2224    10    1
2225    12    1
2225    17    1
2226    1    1
2226    20    1
2226    9    1
2227    13    1
2227    5    1
2228    7    1
2229    19    1
2230    14    1
2230    12    1
2230    14    1
2231    16    1
2232    5    1
2232    19    1
2233    8    1
2233    3    1
2234    19    1
2234    3    1
2234    3    1
2235    4    1
2235    10    1
2235    19    1
2236    2    1
2236    6    1
2237    6    1
2238    14    1
2238    2    1
2239    20    1
2239    5    1
2239    10    1
2240    5    1
2241    18    1
2241    10    1
2241    6    1
2242    20    1
2242    3    1
2243    17    1
2244    6    1
2244    14    1
2244    1    1
2245    20    1
2246    14    1
2246    15    1
2247    15    1
2247    20    1
2248    16    1
2248    15    1
2249    15    1
2249    14    1
2249    14    1
2250    7    1
2250    10    1
2251    12    1
2252    14    1
2253    17    1
2253    11    1
2254    19    1
2254    9    1
2254    15    1
2255    9    1
2255    16    1
2255    18    1
2256    20    1
2256    2    1
2257    6    1
2257    16    1
2257    20    1
2258    16    1
2258    20    1
2258    10    1
2259    4    1
2259    13    1
2259    20    1
2260    1    1
2261    15    1
2261    4    1
2261    7    1
2262    12    1
2262    6    1
2263    14    1
2263    13    1
2264    20    1
2264    7    1
2265    10    1
2265    10    1
2265    12    1
2266    2    1
2266    3    1
2267    10    1
2267    8    1
2267    19    1
2268    14    1
2269    10    1
2270    3    1
2270    15    1
2270    16    1
2271    2    1
2271    2    1
2272    12    1
2273    7    1
2273    17    1
2273    11    1
2274    19    1
2275    7    1
2276    8    1
2276    15    1
2277    7    1
2278    18    1
2279    19    1
2280    14    1
2280    1    1
2280    18    1
2281    14    1
2281    10    1
2281    4    1
2282    13    1
2282    20    1
2282    12    1
2283    5    1
2283    7    1
2283    20    1
2284    8    1
2284    2    1
2285    14    1
2285    19    1
2286    11    1
2286    15    1
2287    8    1
2287    6    1
2287    20    1
2288    4    1
2288    5    1
2288    8    1
2289    4    1
2289    7    1
2289    20    1
2290    14    1
2291    2    1
2291    16    1
2292    6    1
2292    11    1
2293    5    1
2293    16    1
2294    4    1
2294    9    1
2294    19    1
2295    3    1
2296    1    1
2296    4    1
2297    13    1
2297    12    1
2297    13    1
2298    17    1
2299    18    1
2299    17    1
2299    13    1
2300    15    1
2300    11    1
2301    16    1
2301    20    1
2302    10    1
2302    3    1
2303    3    1
2303    19    1
2304    16    1
2304    14    1
2304    10    1
2305    3    1
2305    13    1
2305    15    1
2306    6    1
2306    5    1
2306    12    1
2307    15    1
2307    12    1
2308    10    1
2309    7    1
2310    19    1
2311    14    1
2312    2    1
2313    9    1
2313    16    1
2314    4    1
2314    3    1
2314    7    1
2315    16    1
2315    9    1
2316    11    1
2316    20    1
2317    3    1
2317    15    1
2318    3    1
2318    2    1
2319    8    1
2319    8    1
2319    20    1
2320    14    1
2320    5    1
2320    3    1
2321    12    1
2322    4    1
2322    3    1
2322    6    1
2323    11    1
2323    1    1
2324    15    1
2325    19    1
2326    13    1
2326    12    1
2327    1    1
2328    13    1
2329    9    1
2330    6    1
2331    4    1
2331    3    1
2331    4    1
2332    5    1
2332    7    1
2332    14    1
2333    13    1
2333    16    1
2334    18    1
2334    19    1
2335    5    1
2336    5    1
2336    14    1
2336    5    1
2337    19    1
2338    2    1
2338    5    1
2339    18    1
2340    20    1
2341    10    1
2342    2    1
2342    6    1
2342    19    1
2343    20    1
2343    1    1
2344    2    1
2345    12    1
2346    3    1
2346    14    1
2347    6    1
2348    8    1
2348    14    1
2349    19    1
2349    3    1
2349    7    1
2350    19    1
2350    8    1
2350    3    1
2351    12    1
2351    5    1
2351    6    1
2352    20    1
2352    6    1
2352    7    1
2353    1    1
2353    11    1
2353    10    1
2354    6    1
2355    8    1
2356    14    1
2356    7    1
2357    13    1
2357    1    1
2358    2    1
2358    5    1
2358    10    1
2359    12    1
2360    6    1
2360    7    1
2360    1    1
2361    3    1
2361    11    1
2362    9    1
2362    9    1
2363    14    1
2363    1    1
2363    18    1
2364    9    1
2364    17    1
2364    12    1
2365    14    1
2365    20    1
2366    11    1
2367    16    1
2367    15    1
2368    8    1
2369    10    1
2369    12    1
2370    6    1
2370    6    1
2370    19    1
2371    16    1
2372    1    1
2373    15    1
2374    1    1
2374    14    1
2375    8    1
2375    7    1
2376    4    1
2377    15    1
2378    8    1
2378    17    1
2379    11    1
2379    5    1
2379    19    1
2380    11    1
2380    17    1
2380    1    1
2381    12    1
2381    7    1
2382    8    1
2382    3    1
2382    6    1
2383    6    1
2383    13    1
2384    8    1
2384    18    1
2385    14    1
2385    19    1
2386    16    1
2386    17    1
2386    15    1
2387    16    1
2387    10    1
2387    7    1
2388    7    1
2389    1    1
2390    19    1
2390    13    1
2390    14    1
2391    7    1
2391    8    1
2391    20    1
2392    20    1
2392    12    1
2393    7    1
2393    14    1
2394    18    1
2394    16    1
2394    19    1
2395    18    1
2395    20    1
2395    4    1
2396    17    1
2396    3    1
2397    20    1
2397    4    1
2398    5    1
2398    8    1
2399    8    1
2400    6    1
2400    10    1
2401    20    1
2401    6    1
2402    3    1
2403    8    1
2403    20    1
2403    2    1
2404    9    1
2404    6    1
2405    12    1
2406    17    1
2406    19    1
2407    15    1
2407    2    1
2407    20    1
2408    7    1
2408    15    1
2409    8    1
2409    7    1
2410    4    1
2411    9    1
2411    19    1
2411    17    1
2412    17    1
2412    17    1
2412    8    1
2413    16    1
2413    12    1
2413    9    1
2414    4    1
2415    18    1
2415    16    1
2416    7    1
2416    16    1
2416    14    1
2417    15    1
2418    15    1
2418    8    1
2418    9    1
2419    10    1
2419    6    1
2419    3    1
2420    10    1
2421    10    1
2421    6    1
2422    4    1
2422    13    1
2423    8    1
2423    15    1
2423    6    1
2424    6    1
2424    12    1
2425    4    1
2425    8    1
2425    11    1
2426    2    1
2427    16    1
2428    16    1
2428    14    1
2428    11    1
2429    18    1
2430    5    1
2430    17    1
2430    9    1
2431    6    1
2431    20    1
2431    19    1
2432    14    1
2432    14    1
2432    18    1
2433    16    1
2433    5    1
2434    13    1
2434    10    1
2434    18    1
2435    17    1
2436    5    1
2437    11    1
2437    1    1
2437    19    1
2438    16    1
2438    15    1
2439    19    1
2439    3    1
2440    6    1
2440    20    1
2441    19    1
2441    1    1
2442    14    1
2442    10    1
2443    4    1
2443    13    1
2444    15    1
2444    16    1
2445    14    1
2445    2    1
2445    12    1
2446    2    1
2446    6    1
2446    20    1
2447    20    1
2447    6    1
2447    9    1
2448    13    1
2449    18    1
2449    3    1
2450    7    1
2450    6    1
2450    16    1
2451    2    1
2451    2    1
2452    20    1
2452    9    1
2452    6    1
2453    20    1
2453    4    1
2454    14    1
2455    6    1
2455    12    1
2455    13    1
2456    16    1
2456    15    1
2456    10    1
2457    7    1
2457    9    1
2458    6    1
2458    2    1
2458    3    1
2459    10    1
2459    6    1
2459    14    1
2460    7    1
2460    11    1
2460    2    1
2461    2    1
2462    15    1
2462    4    1
2462    8    1
2463    18    1
2463    1    1
2464    15    1
2465    15    1
2466    1    1
2466    19    1
2466    16    1
2467    20    1
2468    1    1
2468    8    1
2468    16    1
2469    3    1
2469    10    1
2470    12    1
2471    11    1
2472    11    1
2472    16    1
2473    4    1
2473    7    1
2474    4    1
2474    4    1
2474    5    1
2475    2    1
2475    14    1
2475    8    1
2476    18    1
2476    2    1
2477    3    1
2477    11    1
2477    10    1
2478    9    1
2478    7    1
2479    13    1
2480    6    1
2480    2    1
2481    3    1
2481    16    1
2482    10    1
2482    2    1
2482    3    1
2483    12    1
2484    8    1
2485    8    1
2485    10    1
2486    1    1
2486    11    1
2487    18    1
2487    16    1
2488    2    1
2489    4    1
2489    10    1
2489    13    1
2490    15    1
2490    12    1
2491    8    1
2491    1    1
2492    3    1
2493    8    1
2494    8    1
2494    12    1
2495    6    1
2495    11    1
2495    19    1
2496    5    1
2496    7    1
2496    7    1
2497    11    1
2497    18    1
2498    3    1
2499    1    1
2499    7    1
2500    1    1
2500    7    1
2501    6    1
2501    20    1
2501    12    1
2502    2    1
2502    4    1
2503    9    1
2503    6    1
2503    19    1
2504    19    1
2505    4    1
2506    6    1
2506    6    1
2507    3    1
2508    1    1
2508    12    1
2509    13    1
2509    15    1
2510    16    1
2510    20    1
2510    2    1
2511    13    1
2512    4    1
2513    9    1
2513    9    1
2514    10    1
2514    10    1
2515    14    1
2515    20    1
2515    2    1
2516    17    1
2516    7    1
2517    10    1
2517    1    1
2518    15    1
2518    19    1
2518    5    1
2519    11    1
2519    6    1
2520    11    1
2520    19    1
2520    8    1
2521    13    1
2521    18    1
2521    11    1
2522    8    1
2522    9    1
2522    17    1
2523    8    1
2524    14    1
2524    3    1
2524    6    1
2525    1    1
2526    1    1
2527    6    1
2528    8    1
2528    20    1
2529    3    1
2529    15    1
2529    1    1
2530    13    1
2530    7    1
2530    16    1
2531    2    1
2531    6    1
2532    1    1
2532    16    1
2533    20    1
2533    7    1
2533    2    1
2534    15    1
2534    6    1
2534    7    1
2535    10    1
2536    16    1
2536    17    1
2537    15    1
2538    14    1
2538    20    1
2538    19    1
2539    9    1
2539    9    1
2539    7    1
2540    3    1
2540    18    1
2540    4    1
2541    2    1
2542    20    1
2542    4    1
2542    20    1
2543    3    1
2544    20    1
2545    20    1
2545    10    1
2545    12    1
2546    4    1
2546    3    1
2547    10    1
2548    7    1
2548    6    1
2548    19    1
2549    4    1
2549    8    1
2549    13    1
2550    11    1
2550    8    1
2550    1    1
2551    20    1
2552    18    1
2553    20    1
2553    8    1
2553    20    1
2554    4    1
2554    8    1
2554    8    1
2555    7    1
2556    15    1
2556    1    1
2556    11    1
2557    19    1
2557    5    1
2558    7    1
2558    16    1
2559    3    1
2559    17    1
2559    19    1
2560    10    1
2561    7    1
2561    9    1
2561    12    1
2562    1    1
2562    4    1
2563    9    1
2563    11    1
2564    9    1
2564    2    1
2565    6    1
2566    14    1
2567    6    1
2567    13    1
2568    10    1
2569    9    1
2569    1    1
2569    7    1
2570    16    1
2570    7    1
2570    19    1
2571    19    1
2571    16    1
2572    2    1
2572    19    1
2572    19    1
2573    11    1
2573    6    1
2574    12    1
2574    6    1
2574    13    1
2575    12    1
2575    7    1
2576    14    1
2577    5    1
2577    12    1
2577    2    1
2578    9    1
2578    9    1
2579    8    1
2579    9    1
2580    9    1
2580    13    1
2581    20    1
2582    6    1
2582    13    1
2582    16    1
2583    7    1
2583    16    1
2584    1    1
2584    12    1
2585    1    1
2586    1    1
2587    10    1
2588    8    1
2588    15    1
2588    12    1
2589    20    1
2590    5    1
2590    17    1
2591    4    1
2592    14    1
2593    15    1
2593    1    1
2593    13    1
2594    9    1
2595    18    1
2595    11    1
2595    12    1
2596    13    1
2596    11    1
2597    9    1
2598    13    1
2598    15    1
2598    15    1
2599    3    1
2599    6    1
2600    2    1
2600    9    1
2601    11    1
2601    10    1
2602    18    1
2602    6    1
2602    11    1
2603    2    1
2604    14    1
2605    7    1
2606    10    1
2607    18    1
2607    11    1
2608    6    1
2608    8    1
2609    6    1
2609    4    1
2610    3    1
2611    4    1
2612    15    1
2612    2    1
2612    7    1
2613    16    1
2613    9    1
2613    4    1
2614    17    1
2614    4    1
2614    9    1
2615    9    1
2616    18    1
2616    13    1
2616    8    1
2617    15    1
2617    8    1
2618    12    1
2618    16    1
2618    7    1
2619    8    1
2619    4    1
2619    10    1
2620    6    1
2620    11    1
2621    20    1
2621    7    1
2621    15    1
2622    13    1
2623    13    1
2623    5    1
2623    12    1
2624    15    1
2624    8    1
2625    20    1
2625    7    1
2625    16    1
2626    5    1
2626    15    1
2626    12    1
2627    15    1
2627    11    1
2627    17    1
2628    12    1
2628    19    1
2629    15    1
2630    8    1
2631    14    1
2631    11    1
2631    4    1
2632    20    1
2633    16    1
2633    19    1
2634    14    1
2634    13    1
2634    20    1
2635    13    1
2636    12    1
2636    15    1
2637    15    1
2637    12    1
2638    16    1
2638    9    1
2639    16    1
2640    15    1
2640    8    1
2641    7    1
2641    13    1
2642    9    1
2642    17    1
2642    13    1
2643    12    1
2643    6    1
2644    7    1
2645    12    1
2645    9    1
2645    13    1
2646    20    1
2647    5    1
2648    18    1
2648    18    1
2648    13    1
2649    15    1
2649    4    1
2650    7    1
2651    5    1
2652    12    1
2652    8    1
2653    18    1
2653    10    1
2653    12    1
2654    9    1
2654    5    1
2655    19    1
2656    14    1
2656    4    1
2657    18    1
2658    11    1
2659    7    1
2659    11    1
2659    17    1
2660    6    1
2660    5    1
2661    5    1
2661    14    1
2662    4    1
2663    16    1
2663    5    1
2664    13    1
2664    19    1
2664    8    1
2665    14    1
2665    4    1
2666    17    1
2666    3    1
2666    5    1
2667    19    1
2667    5    1
2668    11    1
2669    4    1
2669    17    1
2670    9    1
2671    2    1
2671    13    1
2671    9    1
2672    17    1
2673    5    1
2673    20    1
2674    5    1
2675    12    1
2676    3    1
2677    11    1
2678    7    1
2678    2    1
2679    13    1
2679    7    1
2680    17    1
2681    20    1
2681    9    1
2682    18    1
2682    19    1
2683    14    1
2684    17    1
2685    18    1
2686    11    1
2686    15    1
2686    11    1
2687    9    1
2687    3    1
2688    15    1
2688    7    1
2689    12    1
2689    16    1
2689    20    1
2690    13    1
2690    5    1
2690    20    1
2691    10    1
2691    18    1
2692    1    1
2693    8    1
2694    9    1
2694    17    1
2695    15    1
2695    10    1
2696    14    1
2696    6    1
2696    13    1
2697    5    1
2697    6    1
2698    8    1
2698    17    1
2699    13    1
2699    10    1
2700    20    1
2700    20    1
2701    1    1
2702    13    1
2702    17    1
2703    14    1
2703    14    1
2703    17    1
2704    13    1
2704    15    1
2704    15    1
2705    4    1
2705    10    1
2705    15    1
2706    15    1
2706    19    1
2706    3    1
2707    17    1
2707    1    1
2707    6    1
2708    13    1
2708    7    1
2709    15    1
2709    7    1
2709    15    1
2710    6    1
2711    18    1
2712    5    1
2712    5    1
2713    16    1
2714    4    1
2715    9    1
2716    10    1
2716    3    1
2717    19    1
2717    19    1
2718    2    1
2718    10    1
2718    12    1
2719    19    1
2719    18    1
2719    17    1
2720    15    1
2721    10    1
2721    15    1
2722    15    1
2722    7    1
2722    3    1
2723    18    1
2724    11    1
2725    7    1
2726    4    1
2726    12    1
2727    11    1
2728    2    1
2728    18    1
2729    9    1
2730    6    1
2730    1    1
2731    12    1
2732    17    1
2733    14    1
2734    2    1
2734    9    1
2734    4    1
2735    9    1
2736    17    1
2736    15    1
2737    16    1
2737    16    1
2737    11    1
2738    19    1
2738    18    1
2739    11    1
2740    13    1
2740    1    1
2741    7    1
2741    8    1
2742    19    1
2743    16    1
2743    8    1
2744    19    1
2745    16    1
2746    12    1
2746    15    1
2746    3    1
2747    15    1
2747    18    1
2748    12    1
2749    3    1
2749    14    1
2750    11    1
2751    19    1
2752    10    1
2752    7    1
2753    19    1
2754    15    1
2754    19    1
2755    15    1
2755    18    1
2756    16    1
2756    5    1
2756    9    1
2757    1    1
2758    17    1
2758    6    1
2759    9    1
2759    2    1
2759    2    1
2760    12    1
2760    3    1
2761    17    1
2761    17    1
2762    12    1
2763    20    1
2764    20    1
2764    4    1
2765    16    1
2765    16    1
2766    18    1
2766    11    1
2767    19    1
2768    15    1
2768    15    1
2769    18    1
2769    20    1
2770    19    1
2770    8    1
2770    16    1
2771    14    1
2772    11    1
2772    9    1
2773    11    1
2773    14    1
2773    2    1
2774    16    1
2774    5    1
2774    8    1
2775    16    1
2776    19    1
2776    2    1
2777    14    1
2777    9    1
2777    6    1
2778    17    1
2778    18    1
2778    1    1
2779    13    1
2779    12    1
2780    16    1
2780    8    1
2781    3    1
2781    1    1
2781    18    1
2782    13    1
2782    10    1
2782    8    1
2783    4    1
2783    19    1
2784    17    1
2784    15    1
2784    12    1
2785    11    1
2785    12    1
2786    20    1
2786    13    1
2787    2    1
2788    19    1
2789    3    1
2789    10    1
2790    2    1
2790    11    1
2791    14    1
2791    8    1
2791    18    1
2792    12    1
2792    20    1
2793    10    1
2793    17    1
2793    18    1
2794    8    1
2794    12    1
2794    11    1
2795    6    1
2796    11    1
2796    18    1
2796    16    1
2797    2    1
2797    18    1
2797    17    1
2798    1    1
2799    5    1
2799    16    1
2799    6    1
2800    18    1
2801    15    1
2801    2    1
2801    9    1
2802    17    1
2802    19    1
2803    1    1
2803    19    1
2803    18    1
2804    17    1
2804    8    1
2804    3    1
2805    15    1
2805    1    1
2805    5    1
2806    9    1
2806    7    1
2806    8    1
2807    7    1
2807    17    1
2808    13    1
2809    3    1
2810    5    1
2810    18    1
2810    14    1
2811    12    1
2811    1    1
2812    3    1
2813    7    1
2814    11    1
2814    15    1
2814    12    1
2815    19    1
2815    13    1
2815    6    1
2816    6    1
2816    16    1
2816    11    1
2817    14    1
2817    13    1
2817    9    1
2818    5    1
2818    8    1
2818    11    1
2819    17    1
2819    3    1
2820    11    1
2821    2    1
2822    4    1
2823    17    1
2823    13    1
2823    14    1
2824    13    1
2824    4    1
2824    15    1
2825    8    1
2825    16    1
2825    13    1
2826    1    1
2826    9    1
2827    1    1
2827    8    1
2828    2    1
2828    4    1
2828    20    1
2829    6    1
2829    8    1
2829    15    1
2830    10    1
2830    17    1
2831    18    1
2832    11    1
2832    12    1
2833    19    1
2834    16    1
2834    19    1
2834    16    1
2835    10    1
2836    9    1
2836    11    1
2836    8    1
2837    5    1
2837    14    1
2837    5    1
2838    5    1
2838    5    1
2838    12    1
2839    4    1
2840    14    1
2840    1    1
2840    5    1
2841    17    1
2842    5    1
2842    16    1
2842    15    1
2843    20    1
2843    5    1
2844    1    1
2845    14    1
2845    10    1
2846    9    1
2846    3    1
2847    9    1
2847    19    1
2848    1    1
2849    16    1
2849    14    1
2850    5    1
2850    8    1
2850    19    1
2851    8    1
2851    13    1
2852    7    1
2853    17    1
2853    14    1
2854    10    1
2854    3    1
2855    5    1
2855    11    1
2855    6    1
2856    13    1
2857    8    1
2858    11    1
2859    10    1
2859    18    1
2860    7    1
2860    3    1
2860    15    1
2861    1    1
2861    14    1
2861    2    1
2862    13    1
2863    12    1
2863    10    1
2863    15    1
2864    3    1
2864    8    1
2864    8    1
2865    15    1
2866    5    1
2866    8    1
2867    10    1
2868    4    1
2868    11    1
2869    17    1
2870    7    1
2871    18    1
2871    5    1
2872    10    1
2872    7    1
2872    15    1
2873    12    1
2873    18    1
2874    15    1
2875    4    1
2875    18    1
2875    19    1
2876    19    1
2876    14    1
2877    7    1
2877    15    1
2877    9    1
2878    9    1
2879    4    1
2879    5    1
2879    20    1
2880    15    1
2880    20    1
2880    8    1
2881    15    1
2881    12    1
2881    2    1
2882    17    1
2882    5    1
2883    20    1
2883    14    1
2884    20    1
2884    20    1
2884    18    1
2885    18    1
2886    11    1
2886    18    1
2886    19    1
2887    9    1
2887    14    1
2887    5    1
2888    10    1
2888    11    1
2888    17    1
2889    20    1
2890    19    1
2890    20    1
2890    6    1
2891    6    1
2891    6    1
2892    5    1
2893    10    1
2893    13    1
2894    9    1
2894    14    1
2894    3    1
2895    4    1
2895    1    1
2896    20    1
2896    1    1
2896    19    1
2897    5    1
2897    17    1
2897    7    1
2898    6    1
2898    13    1
2898    12    1
2899    5    1
2900    16    1
2900    20    1
2900    14    1
2901    17    1
2901    7    1
2902    17    1
2903    7    1
2904    17    1
2904    20    1
2905    18    1
2906    14    1
2907    6    1
2907    9    1
2907    14    1
2908    14    1
2909    20    1
2909    13    1
2910    5    1
2910    15    1
2910    8    1
2911    14    1
2912    9    1
2913    9    1
2913    6    1
2914    15    1
2914    10    1
2914    20    1
2915    6    1
2915    7    1
2915    20    1
2916    11    1
2917    13    1
2917    16    1
2918    2    1
2918    16    1
2918    8    1
2919    11    1
2919    14    1
2919    15    1
2920    15    1
2920    19    1
2921    2    1
2921    8    1
2921    12    1
2922    17    1
2922    17    1
2923    5    1
2924    8    1
2924    17    1
2924    9    1
2925    3    1
2925    19    1
2926    18    1
2927    20    1
2927    18    1
2928    10    1
2928    13    1
2929    2    1
2930    16    1
2930    11    1
2930    2    1
2931    5    1
2931    5    1
2931    12    1
2932    8    1
2933    8    1
2933    17    1
2934    15    1
2935    8    1
2936    12    1
2937    11    1
2937    10    1
2937    1    1
2938    8    1
2938    19    1
2939    16    1
2939    11    1
2939    5    1
2940    9    1
2940    13    1
2941    11    1
2941    13    1
2941    12    1
2942    15    1
2943    13    1
2943    20    1
2943    13    1
2944    15    1
2945    16    1
2946    11    1
2947    9    1
2947    2    1
2947    12    1
2948    13    1
2948    14    1
2949    1    1
2950    1    1
2950    8    1
2951    16    1
2951    3    1
2951    3    1
2952    7    1
2952    2    1
2953    11    1
2953    15    1
2953    16    1
2954    3    1
2954    19    1
2954    4    1
2955    15    1
2955    14    1
2955    13    1
2956    8    1
2956    1    1
2956    17    1
2957    12    1
2957    17    1
2958    6    1
2958    12    1
2959    19    1
2959    18    1
2959    13    1
2960    10    1
2960    5    1
2961    13    1
2962    5    1
2962    16    1
2962    11    1
2963    15    1
2964    12    1
2965    19    1
2966    20    1
2966    1    1
2966    3    1
2967    3    1
2967    19    1
2968    14    1
2968    3    1
2969    18    1
2969    20    1
2969    15    1
2970    8    1
2970    5    1
2971    6    1
2972    2    1
2972    18    1
2973    12    1
2973    12    1
2974    12    1
2975    8    1
2975    8    1
2975    4    1
2976    5    1
2977    6    1
2977    16    1
2977    7    1
2978    18    1
2978    9    1
2978    10    1
2979    12    1
2979    9    1
2979    19    1
2980    2    1
2980    4    1
2980    15    1
2981    19    1
2981    16    1
2981    17    1
2982    16    1
2982    19    1
2982    2    1
2983    5    1
2983    10    1
2983    7    1
2984    20    1
2985    12    1
2986    7    1
2987    8    1
2987    10    1
2987    9    1
2988    16    1
2989    10    1
2989    2    1
2990    6    1
2990    19    1
2990    1    1
2991    13    1
2991    18    1
2992    11    1
2992    2    1
2992    13    1
2993    12    1
2993    15    1
2994    13    1
2995    7    1
2995    18    1
2995    2    1
2996    18    1
2996    13    1
2997    2    1
2997    11    1
2998    12    1
2999    15    1
2999    3    1
3000    14    1
3000    17    1
